0.0623   80.2130  65.7106  2.7146129368e+09   1.2765   2.5997   1.8068   5.3584  
0.0715   48.6278  38.5623  9.9248182407e+08   2.4106   2.3683   0.3935   5.1144  
0.2326   76.3523  71.7564  6.0871916695e+07   1.7057   3.2365   2.0391   6.1701  
0.0945   40.1753  34.7686  2.7084940719e+08   1.7785   2.8766   1.8078   3.0275  
0.1163   59.3269  51.5509  7.3883902622e+07   0.8637   3.9333   2.6587   1.3084  
0.1937   72.0993  69.4432  1.3241448060e+08   2.4387   1.4139   2.5485   2.8410  
0.0732   62.8209  59.4315  1.4780603281e+09   2.3291   2.0406   2.9772   2.0013  
0.1047   59.1146  45.2901  9.0892813972e+07   1.9526   2.5479   0.8755   4.5162  
0.0962   36.7231  29.2006  1.3627487807e+08   1.6199   2.2996   0.7433   2.6512  
0.1147   34.7509  34.2405  2.3390727352e+08   1.5364   2.3380   1.4693   5.5808  
0.0495   55.0870  47.1853  2.7150414958e+09   1.5568   2.6108   2.1503   2.3722  
0.0949   80.2866  77.6345  1.6248462947e+09   1.0170   5.8033   1.1972   6.1175  
