0.0565   26.9385  25.4779  7.8790998338e+07   2.0025   2.9463   1.7175   2.6226  
0.0502   34.8506  24.9354  5.9877565188e+08   1.2935   2.1853   0.9792   2.8562  
0.1306   40.2021  39.3364  1.4090825414e+08   1.3808   1.6660   1.4927   1.1634  
0.0704   94.5261  86.2204  1.2515856118e+08   0.7346   0.6563   1.0766   4.0965  
0.1688   57.5037  47.6453  1.9231554192e+08   2.2382   2.2291   2.5062   2.2299  
0.1519   67.7008  63.4743  1.7477465231e+08   1.3011   5.8108   1.5145   2.4545  
0.1812   46.3300  43.2238  7.5622808695e+07   1.3409   4.9491   1.8972   2.2345  
0.0827   35.2879  30.7151  1.9309340417e+08   1.5851   5.2482   2.1358   2.0281  
0.0878   39.9462  33.5523  2.1104914028e+08   1.6656   4.4548   1.1916   4.9591  
0.0691   32.0054  30.6473  3.3090475164e+08   1.3146   2.8818   1.7481   2.8699  
