0.0495   74.0494  53.3217  5.4864228379e+08   2.3728   0.7292   1.2231   0.5708  
0.0495   35.5528  33.9956  3.2914895557e+08   2.3397   4.2550   2.1640   3.5466  
0.1406   48.0597  45.6835  1.2488967855e+08   1.5188   2.4186   0.8131   5.9717  
0.2585   72.9715  69.2115  1.8652064997e+08   1.4767   2.4031   1.3096   2.8594  
0.0529   38.6902  34.1113  1.7674052893e+08   0.0743   4.6560   2.3754   3.1812  
0.0659   50.2992  46.0320  7.2532283710e+08   1.1100   1.9009   1.5133   1.7162  
0.0713   39.4192  33.7120  6.8331750062e+08   2.0280   5.9611   1.5415   2.9186  
0.0627   32.1873  28.7697  7.1302780882e+07   1.7485   4.5946   1.3886   4.2311  
0.0677   72.2376  68.9769  8.5757015395e+08   1.8153   3.3199   1.7472   3.8591  
0.0495   48.7918  41.5583  8.7785587704e+08   2.6382   1.6942   2.8658   4.0952  
0.2045   67.7176  43.5183  1.1960348577e+08   2.5236   1.9367   2.8667   2.4596  
0.1889   75.2484  57.3375  4.6844538514e+07   1.5831   3.5597   1.3211   6.2023  
0.0495   32.4075  28.9689  1.4237487353e+08   0.7510   1.0674   0.8163   1.6753  
0.3545   86.4983  81.8325  1.4752373395e+08   1.4156   4.4290   1.1443   4.4826  
0.0495   36.0727  33.8892  1.2187472892e+09   1.7660   5.2772   1.0225   2.1178  
