0.0495   32.8391  32.0933  2.3564094697e+08   1.0489   2.4355   1.3118   3.5039  
0.0495   35.5368  31.2224  1.7851864708e+08   2.6626   0.5868   2.5862   2.0480  
0.0809   33.7024  33.6997  1.8097486383e+08   1.7012   2.2838   2.1476   2.4167  
0.0495   73.4939  66.5270  1.0449049924e+09   0.8027   2.5538   1.6085   3.3542  
0.0495   36.5795  32.2670  2.4327218139e+08   1.3645   2.3967   0.7837   1.0017  
0.1174   71.5507  65.7914  9.0387131762e+08   1.3356   1.4139   2.1781   4.4071  
0.0800   41.8095  39.6891  1.3539869535e+08   2.7539   5.3290   0.9434   1.1480  
0.0598   53.5695  50.6161  1.6705763899e+08   0.3111   5.1138   1.4873   0.2189  
0.0869   42.5526  34.4619  3.7070576783e+08   1.8514   1.7767   1.8806   5.2084  
0.1021   60.5491  50.3351  6.1680996070e+08   1.4129   4.7637   1.7160   1.2463  
