0.0495   36.2247  30.3174  3.0217554080e+07   0.7271   0.9130   2.3821   4.0249  
0.1098   36.6329  35.7991  2.5785868045e+08   1.6384   1.5547   1.8625   4.3616  
0.0534   35.2713  35.1397  3.6088126493e+08   1.4830   4.4527   1.4927   0.7737  
0.0837   35.8030  29.4234  1.4398547249e+08   1.6304   5.0253   1.2123   2.3764  
0.1119   45.5932  45.0985  1.0760641130e+08   1.9550   5.1815   1.8454   0.1114  
0.0495   81.8971  73.7139  1.7752156226e+09   0.6498   5.1939   1.4813   5.9151  
0.0495   39.1703  38.7681  5.8852706985e+08   1.6309   4.3494   1.2873   1.7244  
0.1296   38.2293  36.6785  1.1200716424e+08   0.5684   4.9635   0.5010   5.4300  
0.1068   34.9473  33.1267  1.1750221804e+08   1.9667   5.2011   0.5020   2.2182  
0.0644   32.6303  28.7811  3.2560390564e+07   1.3195   5.4012   0.5196   5.9274  
0.2704   81.5197  76.7397  6.8931545029e+07   2.5634   0.0137   0.2169   5.3926  
0.0705   45.0181  43.3967  2.0378242499e+08   1.7134   4.3618   1.5850   1.0044  
0.3384   87.6528  83.7986  1.0591206728e+08   2.2233   1.6548   0.9240   5.7269  
