0.1304   71.7250  69.8416  3.4003334483e+07   1.8273   1.7161   1.9753   5.2235  
0.0495   36.5489  26.7703  5.0540472237e+08   1.8880   3.1113   2.3387   2.6025  
0.1184   49.7198  40.7851  1.9012486472e+08   1.6717   2.7955   2.0203   2.5701  
0.1275   51.6913  48.2489  1.8225143953e+08   1.5075   5.2256   2.0265   6.1573  
0.0581   43.8431  42.5613  1.1196126876e+09   1.2121   4.3841   1.4943   4.9885  
0.0660   68.0308  49.9447  5.7365803301e+08   0.9179   0.5898   1.3130   1.4993  
0.1685   61.5433  59.7382  1.5549479008e+08   2.0141   3.1354   1.7238   3.2714  
0.0723   38.2530  37.7031  1.9909138830e+08   2.2360   0.1889   2.2800   0.7437  
0.2470   72.5901  65.8091  5.6628799134e+07   1.4831   5.7716   1.1525   2.9166  
0.2834   79.1494  78.4253  8.9177303008e+07   3.0291   2.8939   2.9070   2.0035  
0.2364   53.1220  47.2717  9.3852951943e+07   2.0192   2.1010   0.8523   5.8964  
