0.1989   51.6863  43.3758  1.2159747634e+08   1.9525   1.8371   2.7111   1.8152  
0.0495   35.9441  35.1755  5.4912066359e+07   1.6820   0.0239   2.2182   3.3628  
0.0543   37.6813  37.1648  1.0070053139e+09   1.5705   4.7768   1.3417   2.1320  
0.0495   36.7441  31.7023  4.6449542369e+08   0.4558   6.2159   0.2932   1.6273  
0.1019   71.8390  60.5283  9.6500340775e+08   2.4247   5.8305   2.3194   5.6306  
0.0778   54.3358  50.0560  1.5708987175e+08   0.4071   4.4348   0.2457   4.0084  
0.0495   31.8315  31.2024  7.9829608592e+08   2.3265   5.5629   0.3507   2.2638  
0.0741   33.5271  31.4448  2.8134650763e+08   1.7398   1.8746   1.8379   5.4651  
0.0649   37.9630  36.9563  1.5948960944e+08   0.7720   0.8759   1.9026   3.2138  
0.0495   36.5354  17.9731  1.0641687932e+09   1.2889   5.1000   1.5863   1.8107  
0.1419   56.8850  51.7964  6.5867835200e+07   1.1763   6.2536   1.9889   3.0525  
0.0802   33.4896  32.2545  7.5426545498e+07   1.1394   1.2741   1.6409   4.3450  
0.0786   34.5918  28.5852  4.0092235294e+07   1.1195   4.5999   1.0735   5.0480  
