0.0495   74.6277  59.9736  1.7666145079e+09   1.7785   6.2187   2.0624   0.0346  
0.1084   60.5722  52.5948  4.1806715024e+08   1.2039   2.2478   1.2495   1.8870  
0.0607   40.1497  38.9554  3.4043872377e+08   1.7483   5.3069   1.5072   2.5619  
0.0784   59.3701  47.2254  3.2034731197e+08   0.5290   4.8586   1.4529   4.8964  
0.1256   43.5152  43.2685  1.1195858336e+08   2.3482   5.1547   1.6234   5.4661  
0.0952   65.9669  65.1815  1.0155256920e+07   1.0887   3.0173   2.4216   0.2563  
0.1431   63.1266  37.3143  1.8940856359e+08   1.2559   5.0095   1.6733   5.1191  
0.1328   60.0445  51.3584  1.9755253519e+08   1.0614   1.3015   2.2412   4.4312  
0.0495   39.2141  34.0819  1.0646384370e+09   2.0165   5.5783   1.8514   6.2749  
0.0947   35.8877  35.8137  2.4359090566e+08   1.5444   6.2707   1.8619   0.2586  
0.0495   43.2893  42.9203  8.0454672156e+08   1.3226   0.5891   1.1740   3.4512  
