0.1570   61.3221  37.6908  8.6177546420e+07   2.1218   1.8742   0.8744   5.8669  
0.0661   65.1409  65.0966  1.5075740308e+09   2.8313   5.2584   2.8494   3.6016  
0.0734   36.1230  28.2281  1.0330771525e+08   0.8608   2.7478   1.1078   2.0959  
0.2155   56.7479  45.1666  1.2981273927e+08   1.3725   5.2479   1.1861   1.5669  
0.0814   35.0419  29.3288  1.0551397565e+08   2.4027   6.2268   2.2880   6.1436  
0.1308   38.1388  30.2576  1.5455470780e+08   1.2648   2.2841   2.2030   5.8932  
0.0495   45.4817  41.7336  1.5270375922e+09   2.5972   4.1114   0.9095   1.1806  
0.0495   36.3679  35.1773  3.6128803472e+08   1.5528   1.9692   1.9774   3.1927  
0.0836   60.1142  54.9352  1.0794009651e+09   1.7377   0.0911   1.9062   0.4719  
0.0495   44.2172  42.5326  1.2536787982e+09   2.1321   3.4524   1.5787   3.3005  
0.1509   74.1149  69.3647  5.7109727478e+08   1.1127   1.7356   0.8378   1.5847  
0.0570   57.9882  50.7102  1.8382713564e+09   1.4047   4.8859   1.8551   4.3436  
0.2137   80.8092  51.7194  8.1788328547e+07   1.2306   3.4964   1.4191   2.8754  
0.2404   81.7713  80.8214  2.0205617182e+08   1.3195   0.1624   0.9048   0.1310  
0.1763   80.2680  73.5697  2.2394406297e+08   1.5704   5.2395   0.6739   1.3021  
0.0525   51.8151  46.8491  2.7002407950e+09   0.7412   1.8410   0.8478   1.8644  
0.1004   35.1719  33.8722  1.0214669415e+08   1.4428   1.6229   2.1411   5.1542  
0.0552   68.3908  59.7547  2.9914853582e+09   1.0713   5.2123   1.1132   5.5165  
0.3058   74.3609  64.6556  7.1385776977e+07   0.9923   3.3657   1.1781   3.3311  
0.0559   39.3277  38.7266  1.2642686327e+09   2.4380   1.9538   1.0959   5.1718  
0.0495   28.9433  28.7755  4.6883953078e+08   1.5000   3.2079   1.4339   5.8101  
