0.2262   61.3111  60.7998  1.4131037978e+08   1.2433   4.4616   1.2473   1.2310  
0.0495   65.1548  64.2030  1.8254284746e+09   2.3019   4.6426   1.1931   2.2852  
0.1448   33.4968  29.7498  9.7077745626e+07   1.3870   5.5057   1.8071   2.3681  
0.0495   48.1283  41.7023  1.1408252096e+08   2.7425   3.1433   1.3915   0.4599  
0.0495   34.9623  28.7169  2.9895365277e+08   0.8231   4.3414   0.8273   3.2985  
0.0495   47.3855  44.0970  6.6399308499e+08   2.7950   5.3226   2.9598   0.2222  
0.1114   50.2243  49.4604  3.2159701748e+08   1.6339   1.1244   1.4980   4.0594  
0.1312   73.3425  72.5401  1.1607762192e+08   2.2221   4.7357   1.4432   6.2131  
0.1172   83.4981  72.8758  2.4546228316e+08   1.8855   2.9115   2.1416   0.8132  
0.0706   33.2266  29.0634  1.5443417456e+08   1.1637   1.3589   1.1850   2.1329  
0.1542   85.3594  77.2759  1.0355079276e+08   1.7630   4.5488   1.6530   2.0134  
