0.0495   41.5011  40.9119  9.3355904781e+08   1.5827   6.1133   2.2101   2.4725  
0.0495   39.2100  36.9393  1.0125813403e+09   1.8812   3.8442   1.0438   0.5793  
0.1972   63.5435  49.5299  4.4750881513e+07   1.7622   5.0229   2.1788   1.7276  
0.2286   59.3774  45.9447  7.8907651294e+07   1.8538   2.1434   1.7019   2.7718  
0.0542   35.4885  32.5142  5.0072362908e+07   2.7520   1.2391   0.9029   4.2487  
0.0522   56.4011  48.5684  1.1974940353e+09   2.1649   0.3491   1.2163   0.1959  
0.2089   75.4842  75.2710  8.3195858628e+07   2.5531   1.4641   2.3321   2.2197  
0.1509   58.3502  46.2292  1.2779179886e+08   2.3849   3.7547   2.4519   4.5144  
0.1540   78.8056  65.0777  1.9018578721e+08   1.6853   1.3848   1.8308   0.2591  
0.1070   32.1229  29.6001  1.0106806230e+08   1.7906   2.1180   2.4724   2.1256  
0.0495   33.6165  32.6081  1.1299758215e+09   1.7106   3.1474   2.1731   2.9136  
0.0506   36.2054  32.0316  1.5038120910e+08   1.6907   5.5445   1.4750   2.1672  
0.0647   36.5107  32.6225  2.5559654241e+07   1.3964   4.4941   1.8695   1.7919  
0.1294   70.7567  63.0668  2.6626567705e+08   2.1414   3.6723   2.1079   3.6366  
0.0514   57.3864  52.9097  6.5464962368e+08   1.6074   2.8418   1.0251   2.3534  
0.0617   33.6969  27.3977  4.7467414662e+07   1.2597   2.2672   1.7617   5.8056  
0.2106   87.5064  82.3310  8.1454105153e+07   1.6509   3.2605   1.4426   5.9133  
