0.1664   47.7026  42.7581  1.1281662376e+08   1.6649   2.7896   1.3142   2.6326  
0.0578   37.0300  35.2231  1.4608793503e+09   2.2375   2.2554   2.3041   2.2769  
0.0635   38.9004  37.8958  1.3353987740e+08   2.0231   5.1975   0.5500   3.0621  
0.0943   56.9960  51.2078  2.6901576447e+08   2.6228   3.6091   0.4272   0.9215  
0.1516   78.0038  75.0706  4.6045616194e+08   2.0041   6.0979   1.8736   0.5629  
0.0495   53.2359  45.6276  2.2394416553e+09   1.9925   2.5914   1.7213   5.8805  
0.0888   33.8533  33.7643  5.4650694242e+07   2.0800   2.1897   1.6335   5.3312  
0.0511   44.1396  43.9996  1.6821566393e+08   0.8941   5.4535   2.3213   2.5813  
0.0495   30.1055  28.4069  1.0794728115e+08   1.5858   2.1252   0.8164   5.2544  
0.0937   36.9542  22.9735  1.4816700537e+08   1.4320   2.0434   1.2863   4.5686  
0.0495   30.9481  19.8115  4.3203645266e+08   2.2501   5.6253   0.6640   2.2643  
