0.0716   32.0375  30.6893  2.9930640831e+08   1.6379   5.7406   1.9183   3.0256  
0.0615   38.4419  35.6477  7.4115619239e+08   1.0802   0.0791   1.7381   3.1127  
0.1002   53.3985  50.9840  1.2003325476e+08   1.0372   2.0813   2.2919   3.4941  
0.1764   72.1634  71.7142  7.1179365108e+07   2.2060   4.8342   2.6752   3.5265  
0.0495   38.8056  34.3518  5.8845427670e+08   2.1956   2.6098   1.4965   5.2363  
0.2928   73.0061  67.0381  1.1447599271e+08   1.0683   5.4376   1.5289   2.6913  
0.0495   35.4495  30.3730  6.3125391320e+07   1.1432   5.0714   2.4223   2.7144  
0.0495   69.2724  34.3443  2.0208683447e+09   2.6173   4.5504   0.7115   1.0048  
0.1490   74.2769  70.8119  2.3306813550e+08   1.9289   5.3952   2.2278   2.1680  
0.0495   54.9567  50.7926  6.9517495893e+08   2.7484   3.3689   2.3310   5.5610  
