0.1336   75.0400  72.6680  1.4715730952e+08   0.9551   4.4216   1.1653   2.0244  
0.1431   60.2901  46.8404  2.1888846859e+08   1.0037   2.8600   0.7086   3.4017  
0.0495   36.4205  33.5774  4.4033639460e+08   1.7976   2.8805   1.8892   0.5900  
0.1291   50.6972  50.6776  3.6811867480e+07   1.1088   4.5126   2.2551   1.8406  
0.1347   76.0769  41.5697  2.4147643682e+08   2.3746   1.2099   2.8993   1.4140  
0.0629   68.2052  58.6123  5.6407766814e+08   1.6411   1.1184   1.2277   0.9273  
0.1875   69.4880  51.8945  1.2989733234e+08   1.0505   5.1359   1.3405   5.9332  
0.1874   63.7806  63.2463  8.9863931910e+07   2.8951   0.1687   2.4778   0.5530  
0.1502   67.4372  53.8056  2.5356878243e+08   0.5843   5.6105   0.2215   6.2142  
0.0849   42.9650  42.4038  5.9694777136e+08   1.0801   4.6459   1.0007   3.9175  
0.0814   39.8773  35.9042  8.8419575447e+07   0.4608   5.2601   0.5942   3.4004  
0.0616   35.2159  27.8100  7.7844790116e+07   0.7772   4.1864   2.1991   1.9743  
0.0495   35.0910  32.7261  1.2534877239e+09   2.5436   2.3647   2.6864   2.3548  
