0.0520   67.8045  56.6852  1.5527522133e+09   1.3315   3.2941   2.0959   5.5054  
0.0626   34.7401  33.2756  1.3658802709e+08   1.4772   1.7755   2.2927   6.0272  
0.0666   33.4571  28.1045  1.7224969001e+08   1.8379   3.3967   1.6928   3.9216  
0.0625   45.5447  35.9343  7.9816753035e+08   1.6447   2.5467   1.1645   4.9925  
0.0495   75.9223  49.2735  6.2393291402e+08   1.5247   5.7927   1.2402   0.0365  
0.0564   54.8567  53.1595  1.8976826368e+09   1.4812   1.2881   2.3053   4.1526  
0.0737   47.4082  44.9838  5.1031044294e+08   0.8996   5.6661   1.3695   5.3971  
0.0520   63.2130  47.7544  9.6235264963e+08   1.8288   2.3254   2.3696   4.7591  
0.0611   34.4765  33.8763  2.5019235166e+08   1.6545   2.8692   0.5780   5.7546  
0.1355   77.4586  64.5860  2.3806335459e+08   2.3185   4.1606   2.1593   4.9531  
0.1199   40.6073  38.2455  1.0298864976e+08   1.1603   3.1894   0.9866   3.5713  
