0.0495   33.1917  31.5982  2.1113242115e+07   1.4784   1.4490   1.0224   1.5778  
0.2779   89.3332  74.9736  1.1424051268e+08   1.9952   5.7126   0.7523   3.1179  
0.0495   20.0339  19.3685  2.1230010025e+08   0.9070   4.8598   0.5509   4.6841  
0.1107   81.0477  70.6400  2.6964113838e+08   1.3383   5.7964   2.0305   2.9103  
0.0495   30.2981  24.2361  1.0188582503e+08   0.9226   3.5183   0.4718   4.2815  
0.0495   78.3403  70.8323  3.7834047012e+09   2.8185   0.3050   2.7659   0.6952  
0.0497   47.1127  40.4451  6.0402468143e+08   1.9763   1.9729   1.9195   5.7601  
0.0495   30.3926  29.3261  6.8013976764e+08   1.8831   5.6383   1.3914   0.0220  
0.0834   29.1336  28.2391  8.8761947615e+07   1.0587   4.9097   1.4227   5.1140  
0.0949   44.3933  40.6216  2.2039910242e+08   1.8157   6.1888   2.0283   5.4124  
