0.0495   32.5219  30.8510  1.4917761345e+08   1.4553   4.7834   1.5360   3.3369  
0.1589   43.3080  43.0737  1.3008767110e+08   2.0033   4.4925   0.9918   0.9672  
0.0808   37.6893  37.4431  3.4190153083e+08   1.5911   5.5455   2.3382   5.8007  
0.0495   34.8782  25.5586  1.9663468354e+08   1.3522   1.8769   2.2211   3.9880  
0.0495   33.4325  33.0842  5.1502477354e+08   1.4692   0.1028   0.9603   0.0766  
0.0495   45.7856  42.2798  5.7540718625e+06   1.5977   4.7343   1.2996   5.1309  
0.1159   49.1591  48.7184  9.0202603113e+07   0.7641   4.8254   2.4514   2.5287  
0.1825   96.5703  41.0159  2.3646261355e+08   2.4495   4.9833   0.9595   2.1085  
0.0495   24.1808  23.3369  4.1550599023e+08   1.5727   1.4583   1.2248   1.2971  
0.2107   85.5462  80.6584  1.1665410477e+08   2.0546   5.9216   1.7403   0.1049  
0.0495   33.8406  29.3415  6.1770651801e+08   1.5919   4.2780   1.2573   4.4427  
0.1692   58.2702  36.3217  1.3171293359e+08   2.0152   5.3584   2.3254   5.0178  
0.0520   43.3200  39.3903  3.4024249713e+08   1.8130   0.3002   2.2040   4.1760  
