0.0495   42.1043  33.4566  3.8156382355e+07   2.4275   2.7129   1.0311   4.7372  
0.2402   57.9864  52.6018  1.4361956224e+08   1.3379   5.1601   1.4258   4.7155  
0.0865   26.6210  26.5125  1.2123408681e+08   1.1490   2.6534   1.6598   2.7142  
0.0598   39.6838  38.4840  7.0830693497e+08   0.4868   3.3118   2.3580   5.7415  
0.1073   36.4091  36.1460  1.5656609165e+08   1.1032   5.8363   0.8399   6.0524  
0.1231   56.0230  49.3288  8.6339249816e+07   1.5850   5.3274   2.2216   2.8926  
0.0612   37.2608  35.1190  8.0902138091e+08   2.1071   1.8152   1.1137   5.6417  
0.0990   69.0872  63.3980  9.3501810918e+07   1.8427   3.1285   0.8407   4.8197  
0.0518   33.5668  28.5700  2.6322544259e+08   2.8186   4.9126   2.1975   5.3698  
0.0495   75.7509  64.1523  1.8281850150e+09   2.0687   2.4872   1.6518   0.3477  
0.0967   32.2650  30.6938  1.5578584198e+08   0.7313   5.9072   2.5812   2.2062  
