0.1907   62.2572  60.3778  1.3620905339e+08   1.3991   0.4861   1.8392   0.8966  
0.1481   56.0201  50.5971  1.8569473710e+08   0.7531   2.9938   0.3487   3.4697  
0.0495   34.1089  25.3350  5.4378561750e+08   1.2527   3.8840   1.4611   0.9526  
0.0508   34.5879  34.1079  9.3910131594e+08   1.6446   1.9099   1.6965   5.2679  
0.0578   35.7895  33.7005  1.5770501623e+08   0.4883   0.0345   2.0415   2.6288  
0.1250   64.9001  64.0199  1.1761998188e+08   1.0867   0.6571   1.4536   6.0811  
0.0862   37.5526  31.9940  3.7044055088e+08   1.2036   4.4253   1.5126   4.5398  
0.0913   29.8776  24.9790  1.2572820958e+08   1.1184   1.9949   2.2103   4.6076  
0.0495   38.0144  23.4139  5.2325789754e+07   1.6944   0.9611   1.5127   0.1616  
0.0495   32.4255  31.9386  1.9001613982e+09   1.6667   5.3332   1.5530   5.1829  
