0.1933   80.5854  62.7943  3.5274317219e+07   1.3794   4.9571   0.9652   5.8827  
0.2066   56.8979  47.9687  8.5187896879e+07   1.4309   1.5915   1.8879   1.6410  
0.0570   57.9621  53.5277  1.3379679173e+09   2.0168   4.2815   1.6650   4.7074  
0.0500   20.0761  19.8625  8.2942987860e+07   1.5887   2.8060   1.6447   5.8377  
0.0693   45.7097  43.8986  8.7671431681e+08   1.1658   0.6381   1.5855   3.9971  
0.0495   34.5273  33.1226  1.5853034303e+08   0.9357   6.2375   0.9783   5.3976  
0.0679   41.1125  38.0903  2.1926767199e+08   1.8169   1.8162   1.5149   2.9837  
0.0495   46.0904  45.5985  2.1687879104e+09   1.5421   2.0531   1.4764   4.8036  
0.0960   65.0983  46.7254  5.7152550772e+08   2.1244   2.6606   1.5679   5.2288  
0.0652   44.9665  41.0009  7.0862281420e+07   1.7339   1.5262   1.4277   2.0778  
