0.0495   33.9442  29.7555  2.7207599787e+08   1.2253   2.2453   0.6321   1.2939  
0.0495   72.6190  72.6155  1.9272266995e+08   2.0982   5.5200   1.2974   4.2797  
0.0604   47.5650  43.3077  1.5264337209e+09   1.1874   2.4922   1.1916   2.9836  
0.0495   74.5626  66.2016  1.1845818489e+09   1.9350   4.4474   1.1430   2.1957  
0.0701   38.5499  37.7055  1.0676892051e+08   2.2853   0.1574   2.3897   0.5374  
0.0716   60.7915  45.9210  7.3630386674e+08   1.5572   1.3900   1.8153   4.6175  
0.0663   44.9885  41.2517  4.7685472833e+07   1.7832   2.8646   1.2333   4.9910  
0.0530   34.2739  34.0209  4.1539467478e+08   1.7690   1.0953   1.5665   3.6818  
0.1107   64.2741  53.8607  2.7654276426e+08   1.9614   0.4670   0.4499   3.6556  
0.2167   69.3141  53.5413  8.1370347147e+07   2.0946   5.8949   2.2630   5.7662  
0.1141   60.1818  53.9662  2.4973621841e+08   1.7329   1.6544   1.6437   4.9860  
0.1146   73.3262  70.1923  5.0980311427e+08   1.6218   4.3091   1.2419   4.1901  
