0.0495   31.5025  24.2593  2.8252472472e+08   2.3703   4.5358   1.9734   5.3202  
0.0642   75.1917  72.9949  4.0837315609e+07   1.1705   3.9644   2.6655   5.6664  
0.1267   70.4036  67.7237  2.0093328554e+08   1.1824   6.1885   1.2113   5.5211  
0.0495   45.8588  37.6854  2.0151352402e+09   0.5785   5.7520   2.6980   3.2887  
0.1276   36.3176  32.8205  8.9901468278e+07   1.2717   2.1905   1.7418   4.9446  
0.0545   37.4204  35.2404  5.4829052140e+07   0.7908   4.3110   1.8532   1.3196  
0.0495   31.1087  29.9140  4.9217578425e+08   1.2735   4.5120   1.5376   1.4623  
0.1660   84.0904  76.9620  2.8030047569e+08   2.4679   3.6356   0.2591   0.0035  
0.0724   33.7156  32.9527  2.0681028002e+08   1.3842   2.0987   0.4975   2.6170  
0.0549   30.2366  29.2781  2.6730721480e+08   2.2009   2.1192   0.5313   4.6070  
0.0495   36.9826  33.3592  5.0389714032e+08   1.9837   0.1437   2.3725   0.4384  
0.1026   54.8434  49.1350  1.5981451405e+08   0.8708   5.1320   2.9171   5.6097  
0.0496   34.8156  32.4100  3.0034054793e+08   0.8077   1.5480   0.4458   1.6311  
0.1147   34.8274  26.5613  1.0273547929e+08   1.6837   1.9292   1.8570   2.1424  
