0.0847   78.0686  70.3494  1.1458658319e+08   0.7931   3.8300   1.0462   5.4736  
0.0994   32.1164  31.5609  9.2967836062e+07   0.7884   6.1830   2.0810   2.7455  
0.0979   56.5212  42.7476  1.4599500583e+08   1.2067   2.8392   1.0857   0.4797  
0.0495   27.8228  27.6766  6.5424673892e+08   1.3906   2.2784   1.0057   2.8229  
0.0594   68.1334  62.6980  3.0518887169e+08   1.6166   3.3756   2.5082   5.3166  
0.2250   72.7605  68.9115  1.1254274863e+08   1.9704   5.7016   0.5595   2.9136  
0.1266   76.0507  71.9526  2.7272620755e+08   1.0565   5.4544   1.0508   5.9676  
0.0495   33.4876  33.0382  1.2722503282e+08   1.1324   2.8311   0.4365   1.9975  
0.1367   57.1425  53.0070  2.6150093847e+08   1.5446   5.0153   1.1836   4.6472  
0.0495   83.1682  77.4972  4.9060855695e+08   2.0822   0.6803   1.9376   1.2920  
0.0893   32.4890  31.1309  6.2038927284e+07   1.7853   1.4532   1.8669   1.4788  
0.1448   43.4385  42.1743  2.3541338860e+08   1.3875   2.5653   2.0417   6.0451  
0.1098   37.8491  34.7811  2.8551920928e+08   1.0744   5.6321   2.2117   2.7898  
0.1425   43.0657  38.2487  2.0215020816e+08   2.0278   1.8815   1.8024   1.7001  
0.1187   38.3681  34.6086  1.2490903170e+08   1.6562   5.3183   1.8285   2.4407  
