0.0579   40.3905  39.0721  1.6630482185e+08   1.3301   1.1541   1.3678   0.8553  
0.0927   31.6139  29.9699  9.6159505474e+07   1.3841   3.0294   0.9897   3.2044  
0.0903   31.6068  29.2767  2.3272072276e+08   1.2286   1.8012   1.6686   1.5591  
0.0970   81.6236  70.3996  4.5915303007e+07   2.3899   1.4248   1.2118   5.3525  
0.1097   33.4254  31.7000  1.3301700619e+08   2.0022   2.7682   1.0371   5.1356  
0.0857   32.7439  31.1142  9.0159192553e+07   2.1598   2.2673   1.3895   5.5067  
0.0948   46.2209  45.8649  4.4055427571e+07   0.9787   4.4748   1.1345   3.4853  
0.4312   89.4964  81.1051  3.8550121914e+07   1.9929   2.1382   0.9816   5.1423  
0.0495   36.2942  25.7679  6.8085523941e+07   1.6648   4.4748   2.0174   5.5434  
0.0702   33.1327  30.5787  7.7584059775e+07   1.3793   1.3560   1.8435   2.1875  
0.1903   58.2405  57.6977  1.3589070424e+08   1.6673   0.9029   1.7242   4.3460  
0.2044   92.3932  80.2587  7.2383669133e+07   0.8478   3.6392   2.3402   1.9843  
0.0655   45.3497  34.3173  1.3032461958e+09   1.9566   2.1794   1.9181   2.2259  
