0.0550   42.5104  37.8822  6.2261514719e+08   0.1460   1.6514   2.9439   1.5430  
0.0711   81.2069  76.6285  7.8276589222e+08   1.6627   4.4369   1.5907   5.3348  
0.0620   68.2522  65.9592  7.8441505600e+07   1.8178   1.6433   0.5531   4.8376  
0.1012   47.2546  38.3101  8.3083543758e+07   1.5738   4.7755   1.3641   1.5174  
0.0522   30.3573  29.3932  1.9832901119e+08   1.4701   1.0313   0.8389   4.6780  
0.0495   32.6415  28.6529  9.1919841339e+08   2.6247   2.6119   2.5825   2.1938  
0.0495   34.1224  33.8847  5.0333071189e+08   0.2638   3.3481   2.5806   0.0750  
0.0547   34.7257  33.8911  4.0742301427e+08   1.6858   4.3088   1.1174   1.9657  
0.0959   32.9333  31.0304  1.2164009569e+08   1.9266   4.2470   2.4169   4.3058  
0.1426   47.0778  41.7276  8.2438988860e+07   1.8405   1.2224   1.7989   4.3285  
0.0495   39.2722  34.7843  1.2526424302e+09   1.2760   2.3714   2.0934   5.3307  
0.1015   73.4824  66.1875  7.1113396489e+08   1.5603   2.4301   1.3492   3.1237  
0.2029   57.0652  56.5421  3.5727277794e+07   1.2830   5.6383   1.4823   6.1844  
0.0495   33.0768  29.3717  9.1368737571e+08   1.4248   2.4141   1.3987   1.7795  
