0.2170   79.6120  55.0392  6.8401422765e+07   1.5672   4.1647   1.9336   3.6942  
0.0566   34.2593  31.1790  9.1336503476e+08   1.1965   4.5803   1.1956   5.1706  
0.1136   33.5657  33.2435  1.5001272730e+08   1.9780   2.3128   0.7659   5.5267  
0.0495   39.8398  36.9838  3.1229160546e+08   1.8796   1.7243   1.0426   1.5847  
0.1158   75.6070  57.8223  2.4041200100e+08   2.2173   0.9898   0.4572   5.6297  
0.1850   84.0731  56.7402  2.0473227344e+08   0.4155   3.3158   0.6081   4.0267  
0.0495   63.5108  55.7693  2.2970289291e+09   2.0307   5.0023   0.9900   1.0259  
0.0495   36.9625  32.3422  6.9835384749e+08   2.0837   1.5419   2.2500   2.2148  
0.0495   41.5651  41.1399  1.1305196210e+08   0.9592   4.2180   1.3353   4.5156  
0.0495   50.1798  46.1180  6.7049212158e+08   2.1902   2.6939   1.3977   0.8157  
0.1021   35.4909  34.6502  1.0202610334e+08   1.0166   1.8847   1.8379   4.9732  
0.0943   89.9178  86.5788  1.0483045624e+08   1.4672   4.4400   2.5261   1.1766  
0.0852   50.4333  41.9055  2.1017810962e+08   1.3969   0.7724   1.6657   1.0521  
0.0645   59.6139  44.0132  8.8185427578e+08   1.3056   0.8562   1.4717   1.4083  
