0.0920   39.2925  32.9284  1.8774391618e+08   1.4891   2.4289   1.4863   2.4563  
0.2394   75.5588  75.1647  1.0758122405e+08   1.8750   4.6013   1.8690   1.9473  
0.0752   36.9346  36.8644  3.1356527210e+08   1.2806   2.3960   0.9670   3.0148  
0.0553   60.0775  40.4111  7.7365278957e+08   1.0333   2.4838   1.0157   2.7653  
0.0548   34.7366  34.4146  9.5207897013e+07   2.0497   5.5983   1.9237   1.6217  
0.0981   37.6597  36.2669  2.4934810125e+08   1.1541   5.3121   0.8975   5.5797  
0.0955   83.9968  81.7394  1.9998070549e+08   1.7357   5.5763   0.3638   5.9210  
0.1167   41.2925  40.5291  8.1068750618e+07   1.7748   4.4849   2.5293   4.6139  
0.0602   42.1554  36.2850  1.2306101805e+09   0.9521   0.1257   2.1476   3.5536  
0.1250   43.6007  31.5460  1.1916555014e+08   2.1345   2.0577   2.0418   2.7092  
