0.1031   47.9852  41.4430  4.3481095854e+08   2.2225   2.6630   2.1883   3.2422  
0.1086   53.9243  53.3624  4.1609808926e+08   2.3356   1.5760   1.0904   4.2243  
0.1344   74.0513  72.0360  3.9952741022e+08   0.6751   2.6245   1.9731   5.6538  
0.0876   46.6477  41.8869  1.6444778812e+08   0.8257   6.2158   1.1197   5.2129  
0.1460   78.0607  68.5074  2.8829198515e+08   1.2026   5.6665   0.8804   2.6099  
0.0495   49.1617  44.3947  6.3546093421e+08   0.3333   3.6701   1.0149   4.2367  
0.1785   83.6478  81.6250  7.2994514618e+07   2.5347   5.5785   0.7076   4.7375  
0.0495   39.9773  39.8521  2.3953905445e+08   1.7670   5.7300   0.2349   4.5312  
0.1242   37.7961  33.1518  1.7547348986e+08   1.8659   2.5571   1.8030   3.0057  
0.0748   35.5176  35.3761  5.7396493325e+07   1.0045   6.0883   2.2896   2.9070  
0.0671   36.1957  33.9565  1.1748513312e+08   1.9186   3.7835   0.6463   6.2687  
0.0632   38.3057  35.3385  2.1797545417e+08   0.6725   1.2651   0.4690   1.1845  
0.0603   28.2492  25.2087  2.0210087206e+08   1.8151   1.1275   1.2671   4.8306  
