0.0495   33.0512  23.3333  2.5495310458e+08   1.6001   2.1548   1.0493   5.6548  
0.0495   35.8168  33.5411  2.0235353362e+08   1.1838   6.0834   1.0075   6.1782  
0.0619   51.5471  50.2484  1.6682870350e+09   2.0736   0.7313   1.9169   0.2309  
0.0495   35.6495  27.0604  6.1225828320e+08   1.4998   0.1617   1.8819   6.0676  
0.1172   35.2166  34.4322  1.6093125104e+08   1.5003   2.6978   1.2712   2.4383  
0.1267   80.6934  66.9573  3.2704648978e+08   1.6347   1.2258   1.4945   3.7410  
0.0495   34.0797  34.0183  5.8705781889e+08   2.1746   0.4358   2.6536   0.7545  
0.0495   41.1141  38.1052  1.3767664479e+09   2.2599   5.4687   0.7593   1.8310  
0.1823   90.1023  61.6725  1.9392625173e+08   0.8038   5.6935   0.6512   6.2236  
0.1015   51.8236  51.5570  2.8668217867e+08   2.4668   1.9927   2.3036   2.9485  
0.0495   33.6550  26.3638  4.8291349804e+08   1.8872   2.1579   1.8364   1.3084  
