0.1213   59.2846  46.5994  9.8388393826e+07   2.8406   3.0333   0.9079   0.9122  
0.0865   66.2669  50.7711  3.3530749769e+08   0.9865   4.6032   0.9039   5.5791  
0.1161   36.4247  36.1627  7.6323922347e+07   0.7616   4.7364   2.0391   1.8421  
0.0638   49.2998  40.3233  4.4293954463e+08   1.1115   2.2730   1.6467   5.8251  
0.1039   44.8669  41.6086  1.9991622524e+08   1.2685   4.9555   1.7486   4.8294  
0.0667   33.8472  32.5617  1.0164814467e+08   1.8812   6.1190   1.4469   5.2150  
0.0495   51.6201  47.2926  3.1648889582e+08   1.6350   1.7614   2.3365   1.6476  
0.1146   57.9026  51.6477  6.1798706756e+07   2.5124   2.6328   0.9892   5.4834  
0.0498   22.9588  21.4807  1.3110837129e+08   2.1544   3.6499   2.1893   3.5072  
0.1285   60.9101  56.0127  3.0896821716e+07   0.9285   2.0870   2.3464   4.7599  
0.2168   73.0064  68.9022  1.0148187514e+08   0.9146   2.3124   1.2011   2.8779  
0.0495   36.3587  34.9654  7.6148597892e+07   1.5308   1.3360   0.8001   3.5537  
0.1113   88.0751  47.7775  5.3570582369e+07   1.2403   2.2669   0.6984   0.7608  
