0.1438   70.5259  62.2757  6.9862297530e+07   1.0212   0.0519   1.2612   5.4198  
0.0495   55.0231  52.6887  1.6872361050e+09   1.5396   4.0272   1.4188   4.8944  
0.1452   79.5746  75.4341  2.3173684345e+08   2.6311   4.1280   1.2386   0.9360  
0.0495   71.1862  62.9988  1.0923002021e+09   0.9947   2.0481   1.4684   4.3057  
0.0638   53.8693  49.5429  1.0560221895e+09   1.8164   0.2012   1.8244   2.7273  
0.0987   46.7627  37.9497  7.0335218287e+07   1.3992   1.8839   2.2763   5.9491  
0.0495   36.1778  29.0746  2.3178018628e+08   1.9839   2.4559   1.8577   2.5136  
0.0935   51.0590  49.3886  9.8025346233e+07   0.5262   2.0594   2.2937   5.0303  
0.0495   33.7567  31.8939  7.0482959284e+08   0.9822   5.0176   1.0653   4.2609  
0.1456   49.7797  47.7674  8.6745882498e+07   1.8974   2.6851   1.4412   2.5150  
