0.0595   33.5369  31.5810  1.3118634523e+08   1.3054   5.2544   1.0508   5.9435  
0.1148   38.3771  36.3245  5.9690798391e+07   1.8404   1.3717   0.8279   4.6116  
0.0702   34.7036  33.8394  5.2853039048e+08   0.6534   2.2247   0.6557   2.1984  
0.0685   69.4323  58.1447  4.4215902682e+08   1.2646   3.3413   2.2775   3.4792  
0.0908   42.9811  42.5782  8.3430392753e+07   1.8232   2.9438   1.5701   3.3245  
0.0548   74.2789  72.6227  3.8254683296e+09   1.8205   1.1555   1.5864   1.4268  
0.0559   36.9679  32.6701  1.2040759654e+08   1.3809   0.7770   2.0564   3.5776  
0.0745   32.6636  32.0233  1.0612646934e+08   1.3114   2.4350   1.0838   4.8928  
0.2008   70.9744  34.7095  1.4416342869e+08   1.6945   5.7794   1.8141   2.7124  
0.1259   65.5126  61.1653  1.3371503894e+08   0.9046   1.1749   1.8214   3.8200  
