0.1733   53.3367  50.5640  8.0086629727e+07   1.0642   5.1289   1.7305   2.0355  
0.0647   38.3418  37.2970  8.6846991434e+08   1.8804   5.1733   1.2353   2.7596  
0.0498   34.1289  32.2114  1.2128634886e+09   1.0464   5.8629   2.4564   3.1361  
0.2296   90.9812  90.9749  1.7969811534e+08   1.8336   3.1816   0.5106   0.0177  
0.1186   34.5059  25.6728  1.3567718469e+08   1.7822   2.5173   1.5539   5.3027  
0.0522   64.8958  58.2538  1.8013124964e+08   1.1267   5.9725   1.5826   3.9420  
0.0495   72.9754  67.5219  2.6017806007e+09   1.8125   0.3341   1.8549   5.7881  
0.2811   66.3646  59.6847  7.4647129789e+07   1.5919   1.7242   1.6057   4.7945  
0.0991   84.9773  60.4949  2.0965263205e+07   2.9960   3.0016   2.6777   1.6557  
0.0957   34.1211  31.0859  9.1410145784e+07   1.7441   5.2110   1.9510   4.3917  
