0.0744   35.7855  33.8385  2.0084235252e+08   2.3825   5.1016   2.2114   6.2302  
0.0639   37.7549  37.2065  4.7881029773e+08   1.5317   3.2103   1.0202   2.6254  
0.1229   40.3357  34.7562  9.6422568383e+07   1.2543   1.9669   0.5178   1.8160  
0.0495   31.5239  21.4141  2.2704640505e+08   1.7287   4.1130   1.2224   3.6271  
0.0791   57.6734  49.9602  2.4603933016e+08   1.5665   3.4073   0.9996   1.2612  
0.0495   36.4687  31.8637  1.3722984063e+09   1.4566   2.0557   1.9621   5.4308  
0.0716   77.4707  72.9938  1.9990723468e+09   1.2037   1.0032   0.9838   0.5235  
0.0495   35.0467  28.6551  1.2222315832e+09   1.1056   5.5353   1.4733   5.3862  
0.0783   35.9312  32.7784  3.3773106553e+08   2.2140   2.1450   2.0443   2.4215  
0.2008   87.3770  83.7734  2.6948505274e+08   1.9836   0.3460   1.1040   3.6480  
0.0788   44.3431  43.4906  6.1873491366e+07   2.0069   5.3898   0.7215   5.0010  
0.0545   47.0083  44.7838  2.1779228813e+08   2.0498   4.5154   1.2984   2.4878  
0.0867   59.6089  55.2257  1.8269928982e+08   1.7578   4.5078   1.4728   3.2475  
0.0624   46.3763  42.9452  8.3867837330e+08   1.5947   2.7320   1.5830   5.6522  
0.0873   35.7384  35.4881  6.4480782781e+07   1.8038   1.7039   0.6685   4.6810  
0.1300   45.7634  44.5416  5.3320487344e+07   2.3488   1.7012   0.3248   4.5013  
0.0867   41.8565  41.3111  5.0067943081e+07   1.2164   2.0247   1.9856   5.0208  
