0.0495   69.7413  55.0609  1.9784812708e+09   1.2366   6.2284   2.5413   3.7045  
0.1242   36.3786  32.6574  1.4883028689e+08   1.6808   5.1393   2.0856   2.0781  
0.3638   85.1460  84.5799  8.1050275006e+07   2.0056   5.1819   1.1661   2.3200  
0.0495   57.1329  56.8536  1.4982105994e+09   1.7845   5.6229   0.8702   5.2035  
0.0495   41.2588  39.7709  1.6075453073e+09   1.6402   0.8702   1.5234   0.7235  
0.0545   33.6738  32.6945  1.1091216949e+08   1.1632   3.5982   0.4417   3.2945  
0.1788   73.8258  66.7897  1.8592639804e+08   0.6992   1.0358   0.7672   1.4791  
0.0495   33.2425  32.1993  1.0802897538e+09   1.5541   2.9805   1.0663   2.9250  
0.0495   49.7321  48.8231  2.1824884119e+08   1.6349   0.3454   1.8590   1.0346  
0.0788   51.6845  51.0692  6.5373391441e+08   0.4356   4.5576   2.5090   0.9413  
0.2359   66.3886  39.7305  8.1634287500e+07   0.8780   5.3389   2.1808   1.9086  
