0.0618   31.3145  30.6634  9.8218420682e+07   1.8506   6.1293   1.9983   5.9733  
0.1306   35.7950  31.8098  1.1700988677e+08   2.0988   5.6605   1.7137   5.8653  
0.1353   40.5320  37.9566  6.3132671358e+07   1.1143   2.0068   0.9563   1.9135  
0.0495   31.8141  31.6232  1.5932912514e+08   2.4345   5.2215   0.2394   5.8249  
0.3203   79.9670  79.8643  1.1051170641e+08   0.4815   2.0351   0.2189   3.8439  
0.1177   45.3795  39.0897  2.5153324772e+08   1.5616   1.7839   2.0336   1.6463  
0.0835   49.0918  47.1090  2.9415467567e+08   2.8954   0.3355   0.3584   5.8789  
0.0860   28.6903  25.5208  1.6753048689e+08   1.6125   2.3776   1.6857   6.1965  
0.0495   40.4344  36.5756  3.2062126263e+08   1.4758   4.7102   2.5089   3.7449  
0.1363   57.7082  47.2566  3.9949729820e+08   1.8032   2.7653   1.5278   6.1843  
0.0869   66.0599  58.6205  1.1107754555e+09   1.6705   5.1939   1.3343   1.5298  
0.0495   34.6038  30.8005  6.3901715143e+08   1.5403   5.9581   1.3322   5.9768  
0.0798   43.3709  42.5277  2.5799519907e+08   0.7014   1.5881   0.5699   2.0691  
0.0670   44.3250  40.1553  4.8302751816e+08   1.6395   6.0551   1.0918   0.4347  
0.0681   43.6533  39.9082  2.4026455268e+08   1.2357   5.4893   0.8226   0.1068  
0.0710   88.2601  71.8631  3.5469332802e+07   2.6628   4.0205   1.2860   1.4083  
0.0668   31.2936  24.4253  1.5293679745e+08   1.8568   2.4683   1.6920   5.8039  
0.0717   33.1069  30.5243  3.9243436427e+08   1.5335   4.6871   1.5611   4.1654  
0.0775   45.3721  29.3324  2.6428585592e+08   1.1077   5.2572   2.0893   1.5567  
