0.0606   38.2660  37.3628  8.8685476867e+07   1.7970   2.7868   1.8827   4.1584  
0.0675   75.1973  62.4979  1.0885034587e+08   0.7091   3.0294   1.3834   0.3762  
0.2745   66.0863  62.7927  1.2620846354e+08   0.9057   2.3137   2.3472   4.9400  
0.1501   57.3556  54.3139  1.4248667018e+08   1.4389   2.7887   1.6747   5.7139  
0.2029   69.3309  36.9621  1.3726978799e+08   1.2228   2.4889   1.6936   2.2682  
0.0495   53.1379  52.1132  1.2226865332e+09   2.0985   5.5218   1.0510   1.8826  
0.0644   32.6769  32.5966  2.6235915027e+08   2.7029   6.0400   0.8827   2.6882  
0.0875   35.0832  30.7963  1.9482955065e+07   1.5758   1.8968   2.0079   1.9579  
0.0761   39.4667  38.0183  6.1850833026e+08   1.9971   3.0735   1.9998   2.8211  
0.0497   70.3551  70.3301  3.1650751762e+09   1.6101   2.4181   2.2751   5.4959  
0.0514   33.4614  30.7101  1.7280016661e+08   1.2257   4.4502   0.5903   5.3125  
0.0945   40.8525  32.8430  1.5665680003e+08   1.6239   5.4308   2.4709   2.6580  
0.0495   43.5918  42.0906  1.2332328377e+09   1.1010   3.7692   1.8478   1.2915  
0.1502   70.5581  67.8945  8.3502108720e+07   0.3980   4.1854   1.7260   0.5674  
0.1168   63.8860  62.6802  1.3764669075e+08   1.3652   2.5106   2.1765   1.0520  
0.0495   34.7390  33.4922  1.1930785052e+09   1.4250   5.8688   2.1086   3.0276  
