0.0495   48.5544  43.9450  1.6503543608e+07   0.4234   0.8671   2.5922   4.8563  
0.0673   70.3589  68.0776  1.0951002529e+09   1.0484   4.9008   0.8723   5.2676  
0.0992   63.6506  48.5761  1.1179048594e+08   1.7247   6.1015   1.5711   5.6478  
0.0608   38.2462  31.9107  3.8702828118e+08   2.0429   1.6875   1.8562   1.9028  
0.0495   31.1959  25.7419  2.7112425458e+08   2.4390   1.9082   1.2798   5.0555  
0.0559   58.5783  51.1866  5.4794066665e+08   2.5502   5.1723   2.7006   4.5748  
0.0654   69.2497  67.0444  2.5374517274e+09   1.8722   3.6367   1.2996   0.5937  
0.0628   40.1434  39.3144  5.9224537608e+08   1.3608   3.6482   1.6789   1.1751  
0.0948   41.4096  39.8900  1.5533564620e+08   2.1149   6.2739   2.2726   5.4413  
0.0709   51.4861  42.4150  1.2409952234e+08   1.5260   2.9667   1.4272   0.3058  
0.0495   66.5978  54.6825  1.9128128137e+09   1.6680   4.5465   2.3183   1.2910  
0.0561   60.1660  56.5089  1.5812831619e+09   0.7331   1.7115   0.6999   0.4483  
