0.0495   70.3878  34.4960  2.4559391696e+09   0.7638   1.3357   2.1600   4.4443  
0.1487   74.6109  65.5970  2.0224910464e+08   0.9718   4.3329   1.1050   4.2570  
0.0655   36.6414  34.4437  1.5447631976e+08   1.0231   6.1779   0.8928   1.1078  
0.1016   34.9616  34.5722  1.3832167203e+08   2.4769   2.1230   1.2755   5.3458  
0.0888   52.7949  42.5155  1.2043292364e+08   1.5987   0.9300   0.9819   0.5985  
0.1347   58.4975  58.0439  3.4074037117e+08   1.4107   5.4079   1.9737   2.9831  
0.0670   91.0704  78.0707  1.2163085465e+09   1.6740   3.3470   1.9906   2.3569  
0.1581   48.7893  47.4856  4.6657619465e+07   1.6232   2.3785   1.6545   4.7087  
0.0495   35.3113  30.0718  9.7548644861e+08   1.9605   5.8320   1.7124   6.2557  
0.0700   34.8449  34.8004  2.1963227350e+08   2.0725   1.5588   0.7553   4.3401  
0.0619   35.6408  34.9128  3.8470488269e+08   1.5124   0.6172   1.5521   0.7270  
0.0602   30.9907  30.8462  1.7139291719e+08   1.4507   4.2343   0.8280   0.7913  
0.0495   63.6702  47.2933  1.1500750984e+09   2.4651   5.4430   2.8453   0.2361  
