0.0839   40.7120  40.1788  1.6636538352e+08   0.7292   6.0879   0.4248   0.4254  
0.0792   85.5660  80.6782  2.9163591269e+08   1.6370   1.0163   1.3498   5.3126  
0.0668   33.3744  29.4244  3.9992768750e+08   1.8619   3.4307   1.2809   0.4883  
0.1045   47.3246  44.3668  3.5597773326e+07   1.3402   4.0364   1.3550   4.5118  
0.0786   36.9842  32.0081  4.3091203670e+08   1.5900   1.5013   1.5015   1.3583  
0.0495   36.7827  34.1131  4.6969846459e+08   0.9850   6.1784   0.8549   0.6271  
0.0495   48.3870  34.3500  7.8349410656e+08   2.8860   2.3371   0.6820   5.6374  
0.1048   48.9478  48.5880  1.9710095478e+08   1.2209   5.5287   1.9747   2.2136  
0.0779   50.7384  46.0400  4.3462525686e+08   0.8862   1.7436   1.8036   4.6630  
0.1148   63.8087  62.6288  9.1585985637e+07   2.2466   2.1156   1.4610   0.8271  
0.0495   32.8010  31.1218  3.4406065344e+08   2.3201   3.7973   2.0196   4.3009  
