0.4043   76.2762  74.2571  8.8595875612e+07   1.6222   4.1078   1.9768   4.0747  
0.1744   82.7092  78.2563  2.0866135102e+08   1.5716   2.9355   2.5073   5.7793  
0.2742   68.5421  63.1660  1.1495445204e+08   1.3918   6.0586   2.4824   2.5911  
0.1922   70.9292  63.3183  2.2127740609e+08   1.3849   4.5111   1.8127   1.7010  
0.2529   65.6335  59.7342  9.4523096401e+07   0.8727   2.8047   2.0564   5.2700  
0.1535   56.7006  54.0902  9.9314724398e+07   1.3817   5.5060   2.6987   1.9823  
0.0495   33.8784  30.2790  3.1626370030e+08   1.3415   3.0380   1.4221   0.4533  
0.0844   39.4386  31.3019  5.6853424613e+08   1.6622   1.8244   1.7024   1.8383  
0.0781   38.2481  35.2700  3.8773480153e+08   1.9989   2.6664   1.5821   2.3989  
0.3041   80.4755  79.4588  5.2761318915e+07   1.5303   1.7504   1.4768   4.6588  
0.0495   48.5299  42.0830  3.3152536380e+08   1.1659   4.6601   2.3274   2.6875  
0.0495   28.3883  22.9253  5.7474736688e+08   2.1660   2.2126   2.0528   1.9945  
0.1587   45.5068  43.5773  1.3869788458e+08   2.1083   4.6463   2.1720   5.1554  
