0.0495   38.4904  33.5447  6.6786614779e+08   1.9982   0.6194   0.8597   3.4896  
0.0696   29.9815  26.3618  3.7742832171e+08   1.5928   5.4484   1.6282   2.2517  
0.1283   42.4950  41.0115  9.5623636784e+07   1.8404   1.0363   1.3802   3.8806  
0.0495   35.5464  29.1289  5.1460977851e+08   1.5654   0.6327   1.1759   4.3034  
0.0495   37.3367  35.7929  1.8915680127e+09   1.7903   1.4285   1.0387   4.7078  
0.0495   39.8040  23.0278  2.7633766957e+07   1.6845   5.1121   0.8629   5.0480  
0.0734   57.9011  41.5873  3.5615256833e+08   1.0445   2.5342   0.4686   1.5878  
0.0495   25.7472  23.4167  1.5750898309e+08   0.7245   2.4333   2.4615   4.5474  
0.1383   38.3549  38.3372  1.9636420936e+08   1.6117   1.9213   1.1090   5.3942  
0.0495   34.3073  32.2486  5.0974618229e+08   0.7131   0.0374   1.8007   2.7796  
0.0572   30.1940  26.1168  1.4563814153e+08   1.2509   1.5622   0.5113   1.7311  
0.0495   66.6608  56.8429  1.3079474394e+09   0.6662   2.5058   0.4536   2.7083  
