0.1915   49.2008  47.5159  1.4150580172e+08   1.7906   2.3457   2.0427   3.0605  
0.1072   49.9872  49.8779  3.0412276648e+08   1.1601   4.1486   1.3010   4.6313  
0.0814   80.7757  66.1125  9.3930478972e+08   1.0444   4.9438   0.9532   5.3691  
0.0495   32.4129  30.2580  2.4682648492e+08   1.1546   1.8007   0.8751   5.3668  
0.0753   29.8841  26.9794  1.8110626825e+08   1.4950   5.9143   1.5846   3.1597  
0.0495   38.9364  37.9569  2.4466860506e+08   2.0406   0.1493   0.2037   4.1800  
0.0810   33.1772  30.9345  2.6128097876e+08   0.8346   5.1144   0.8835   5.4718  
0.0495   54.0528  45.9052  2.5806588151e+08   2.9332   3.7529   0.3282   2.2662  
0.0794   40.5068  32.9494  9.0694139357e+07   0.8603   1.5825   1.4861   0.8076  
0.1176   36.4867  30.9936  2.0813672220e+08   1.1273   5.5601   2.3619   2.3052  
0.0495   34.5292  29.2753  5.7035581755e+08   0.9009   5.9612   0.9939   5.5716  
0.1248   59.4734  53.8384  3.0282992853e+08   2.0432   4.6004   1.5950   4.5927  
0.1711   73.9450  67.6562  2.0551115303e+08   1.4896   5.0286   2.3290   4.4742  
