0.0686   35.7676  34.0950  7.6087724110e+08   1.9977   5.2775   0.9367   1.7889  
0.0741   65.2014  43.6830  8.3497939039e+08   1.3310   4.6646   1.7300   3.9146  
0.1156   65.8694  64.4661  1.1248203496e+08   2.0735   3.5517   1.5683   5.4722  
0.2221   78.1000  77.8720  4.3021126967e+07   1.9888   1.0754   2.3050   1.7237  
0.0495   38.7017  34.7510  2.4234362051e+08   1.0268   2.4676   0.4212   4.7049  
0.1888   53.9502  49.7289  1.3100778662e+08   1.6757   2.0682   2.1525   4.5266  
0.0646   35.7726  33.1898  8.2812768819e+08   1.0391   5.1039   1.3113   4.7552  
0.0820   37.8912  30.2025  6.5302771423e+07   1.5828   4.1899   1.8323   4.5428  
0.0862   83.3709  79.7286  8.8723388693e+07   2.4643   3.9516   1.4076   2.4107  
0.0998   39.0227  37.9191  4.2855108379e+08   1.4477   2.4886   1.6055   2.9747  
