0.0648   33.7397  31.4847  1.8027369987e+08   1.0640   5.4185   1.9966   3.0314  
0.1455   61.5224  60.0692  4.4201378827e+08   1.0636   3.0451   1.0056   2.9389  
0.1204   38.7352  29.0837  6.7863684195e+07   1.5391   2.6939   1.6691   2.4586  
0.0495   37.7433  35.6535  2.0545853999e+09   1.2361   5.2693   2.1168   1.8649  
0.0517   33.4894  29.8536  2.5961279178e+08   2.0666   2.9296   2.7408   4.1288  
0.0495   35.8320  35.6941  9.2781712708e+08   2.3585   1.2475   1.7140   1.3274  
0.0521   68.3486  67.6112  1.2284654534e+09   0.8973   2.6014   0.2514   6.2175  
0.0690   35.4250  34.0402  2.5141714803e+08   1.1584   5.2852   1.8190   5.5182  
0.0495   79.1742  72.3872  6.3786365434e+08   1.0752   1.5263   2.1720   0.9018  
0.2069   52.9408  49.6659  1.1025697751e+08   1.5053   5.2303   1.3176   1.9153  
0.0495   51.0135  26.8664  1.5088017398e+09   1.0111   5.2457   0.5626   4.8577  
0.0495   58.8942  56.6093  1.2159182388e+09   1.8525   2.5232   2.8120   3.4720  
0.0709   33.2827  31.6071  7.0148602132e+07   1.3806   2.3004   1.7000   1.2886  
