0.0559   35.5405  33.2870  1.0657792079e+09   1.6009   2.1074   2.2762   2.4167  
0.0495   33.0438  29.0643  3.1989714494e+08   0.6999   5.9166   1.8792   2.7343  
0.0687   44.2374  37.9114  3.6659123522e+08   2.2480   1.1979   0.7444   4.1548  
0.0891   30.8520  28.0082  1.1934796425e+08   2.3208   3.0305   2.4790   3.6531  
0.0777   66.4808  58.7484  2.0594763001e+09   1.6007   0.5550   1.6845   0.4150  
0.0739   34.5519  32.6103  3.6240185336e+07   1.3240   4.8235   1.5007   4.6980  
0.0495   38.4191  32.5871  1.7436387987e+09   1.7207   1.5933   1.8426   1.9476  
0.1680   65.0734  61.0533  1.6376130161e+08   0.9109   1.2854   0.5075   0.8736  
0.0764   48.6985  47.6483  1.0728402957e+08   1.9573   3.5054   2.4007   4.6048  
0.0495   65.6960  52.5535  8.8171316158e+08   2.2976   4.2713   1.3166   3.9894  
