0.0965   44.7189  30.7600  7.8264322061e+07   2.1162   0.7914   1.0392   3.1249  
0.0495   32.1739  25.3405  1.3018600461e+09   1.1091   2.2328   1.2340   2.1835  
0.0645   31.9345  29.6540  1.2248083316e+08   1.7249   4.7420   2.0298   4.1935  
0.0667   62.2864  36.3118  8.1661640400e+08   1.3232   4.9841   1.6455   4.9298  
0.0495   46.7098  45.6075  1.7220278094e+08   0.9891   4.5057   2.3114   2.1041  
0.2522   61.1205  60.0564  1.6978884201e+08   1.5984   2.1579   1.8642   5.8142  
0.0800   70.1874  65.7687  1.0659400122e+09   2.0468   5.6933   2.7540   5.1252  
0.1594   53.9049  52.3155  1.0370168161e+08   2.0137   4.5764   1.3383   5.1222  
0.0729   38.2221  37.4360  4.1591077119e+08   0.5074   6.1669   0.5336   0.7638  
0.1295   39.7587  39.4808  1.1141108525e+08   1.8115   4.9401   0.9730   4.9420  
0.1938   79.4532  76.8337  1.2516278324e+08   2.3659   1.6394   1.0182   3.6220  
0.2589   67.9051  67.7618  1.1536644355e+08   1.2197   5.1004   1.2534   4.3298  
0.0784   74.5420  72.3533  2.5576317415e+08   1.7949   0.7922   1.0454   3.4668  
0.0495   38.6739  24.4282  4.6553967507e+08   0.9446   4.4009   1.0297   4.1604  
