0.0604   31.1726  31.1505  1.0454695178e+09   1.1769   5.0646   1.9437   2.2099  
0.0495   32.4489  18.6227  2.0226677795e+08   1.3836   6.2001   1.1923   3.3708  
0.0495   36.8927  35.6215  9.3654270699e+07   1.7636   2.4991   0.8054   2.0967  
0.2321   77.6468  76.6966  1.3054937108e+08   1.2130   1.9062   2.7671   4.7377  
0.0495   24.6584  17.5807  1.4927604824e+08   1.3245   6.0921   0.6489   0.1648  
0.1952   60.1222  55.5979  9.0801191157e+07   2.0675   3.0792   1.8143   0.0984  
0.0761   35.0692  26.6803  8.7976930911e+07   2.4303   2.9931   2.1288   3.0688  
0.0495   38.7741  35.4085  1.0800196718e+09   2.3677   4.8253   0.8850   1.1566  
0.0888   59.9438  56.4437  2.3900313781e+08   2.8657   0.4698   2.6168   0.1001  
0.0495   52.0158  45.3779  8.2081154423e+08   2.5433   1.4586   1.6726   2.2836  
0.0515   34.9623  33.8812  9.5530050414e+08   1.3170   1.8981   1.8590   5.1024  
0.0513   34.4564  28.4565  1.9585798584e+08   0.5944   0.6877   2.7484   5.8157  
0.2325   66.5354  65.8565  1.1063454303e+08   2.2115   0.2605   0.7962   2.6532  
