0.1001   33.0439  22.2969  9.0441613691e+07   1.8520   2.0423   1.7072   5.1756  
0.0866   34.3150  33.1893  9.1674009495e+07   2.5626   0.2783   0.9822   3.2133  
0.0665   37.4687  35.5578  1.1011046183e+08   1.4570   3.4398   2.3426   4.1423  
0.1830   72.3380  70.0229  3.3928485301e+08   2.0749   2.0085   0.7782   5.7323  
0.0724   39.9901  29.1420  2.6986999737e+08   2.1554   2.3461   1.7202   1.6030  
0.0962   40.4870  40.0567  1.8080978294e+08   0.7359   5.2006   1.3185   4.6709  
0.0760   37.9030  33.0230  4.2820517945e+08   1.6072   4.5403   1.7720   4.4535  
0.0495   19.4590  14.5007  1.3109143591e+08   2.0662   2.2250   1.0664   5.9394  
0.1227   50.4275  47.5224  2.0378968424e+08   1.5614   5.9884   2.1446   3.1066  
0.0837   38.1113  36.2580  5.7572948398e+08   1.4755   2.3003   1.3783   5.7686  
0.0987   72.3409  58.4447  2.7487561304e+08   2.7366   1.9511   1.8784   1.2065  
0.0972   48.6761  45.4846  2.3293869801e+08   1.6139   3.2097   2.1971   5.8597  
0.0514   39.6635  36.2209  4.5350288918e+08   2.6689   1.9772   1.7025   2.1535  
0.0903   77.4248  70.5057  3.0375006016e+08   1.5198   5.3015   1.1720   1.9425  
0.1126   40.5884  35.1214  3.2947559658e+07   2.2155   2.3350   1.7327   2.2051  
0.0520   35.9759  34.4672  5.1556328225e+08   2.0726   4.7287   2.7243   3.5606  
