0.0495   39.0181  31.4635  1.2033062529e+08   2.5084   1.0300   2.2957   2.6842  
0.0495   32.0579  31.9797  2.2796479451e+08   1.4660   4.5442   1.4909   4.3888  
0.0495   31.0408  28.8414  1.0972073305e+09   0.8183   5.2505   2.0705   1.9794  
0.0495   34.1306  30.6549  1.2217663454e+09   1.8993   5.8951   1.6826   5.5996  
0.0495   39.6791  33.0449  3.7802319958e+07   2.0697   4.5558   1.8838   3.7342  
0.0495   36.2752  29.2953  5.8573592039e+07   1.6143   4.1804   2.1915   1.3207  
0.0683   31.2445  27.3137  1.9732994179e+08   1.1191   3.0693   2.0663   6.1705  
0.0495   38.4353  27.8714  1.0720324721e+09   1.6995   5.1732   1.6948   5.1714  
0.0724   52.8279  47.6235  1.2806697467e+09   1.1213   3.1522   1.1676   3.3093  
0.1244   37.9521  36.6762  1.3347530857e+08   1.8003   1.6635   1.6591   5.3342  
0.0495   38.8874  38.1532  4.3341366606e+08   0.5889   0.9092   0.1747   3.3821  
0.0641   40.3060  35.1595  1.9959607977e+08   0.2080   5.6415   0.5711   4.0236  
0.0914   86.1018  84.8267  2.5073559925e+08   1.3656   3.1115   2.1798   2.7873  
0.0795   39.6035  38.9586  2.1506034650e+08   1.0532   1.3586   1.4882   1.9586  
