0.0781   33.6384  32.3456  5.3666737250e+08   1.6151   2.1315   1.1507   5.2746  
0.0690   35.1104  31.6073  1.4743442310e+08   0.9997   6.0031   1.8110   3.4737  
0.0858   34.2709  34.1797  5.0663922992e+07   1.5758   5.7548   1.5211   2.8073  
0.0506   36.4871  36.1090  9.8220127092e+08   0.9864   6.0308   1.4493   0.2619  
0.0495   42.2297  39.1853  5.8299052707e+08   2.1559   2.0575   1.0457   1.7484  
0.1132   48.9971  48.7867  1.2501156185e+08   0.4159   5.7910   0.4099   1.7634  
0.0601   33.5480  31.5369  7.7824839787e+08   1.6266   4.4051   1.4350   1.0722  
0.4429   75.9724  69.6685  6.9116156753e+07   0.9631   5.1472   1.3593   4.9803  
0.0495   39.8435  31.9478  9.5496832414e+07   1.6184   2.8354   2.7204   5.0941  
0.0500   35.0944  26.3288  3.7550550775e+08   1.3869   4.6608   2.4514   2.3537  
