0.0871   54.3248  49.8092  5.9368332076e+08   1.4230   5.1470   1.7965   5.6520  
0.0657   44.0050  43.1360  1.7469368340e+09   1.9075   5.5430   1.4974   2.3120  
0.0495   62.7210  62.4156  6.6795638590e+08   1.9867   4.5701   2.0165   1.2662  
0.0527   56.7686  52.8863  3.7268385771e+08   0.2778   3.1944   0.7203   0.3881  
0.0495   36.7082  35.2411  6.3710700599e+08   1.9089   2.5171   2.0014   5.8452  
0.4101   81.1453  80.2206  9.1716014355e+07   1.0895   0.1570   2.3023   3.1721  
0.0958   39.5888  36.0696  1.7716886659e+08   1.0253   2.3865   2.0762   5.8605  
0.0863   42.0961  23.0460  8.0197913973e+07   1.1165   2.2348   0.5509   2.2975  
0.0495   37.0092  35.4024  3.8987653060e+08   0.5611   4.4467   2.8412   5.6396  
0.0606   39.0351  36.5688  2.5631285810e+08   1.1564   0.2519   1.5052   4.0851  
