0.0813   32.4176  18.6837  1.2897703526e+08   2.0780   2.1462   0.9398   4.9953  
0.1555   70.7443  67.2030  1.1350349468e+08   2.1281   2.0466   1.4442   5.8483  
0.2181   69.4575  65.2422  9.5871794690e+07   0.8076   4.4493   0.6906   3.7525  
0.0576   32.6795  22.2823  1.2510893010e+08   1.5291   0.6265   1.9621   0.3891  
0.0547   38.9964  36.3485  2.6338396394e+08   0.3583   5.1063   0.9796   4.1275  
0.0700   51.0969  43.4144  5.4829735221e+08   1.3525   4.5627   1.4824   4.0642  
0.0562   42.0653  33.8629  6.4450193752e+08   1.0253   2.4250   0.8170   2.3494  
0.0495   32.8411  32.2442  1.7393019269e+08   0.9634   3.7421   1.7539   1.3698  
0.0495   31.5399  29.2255  5.0850072706e+08   0.8392   2.7909   1.2226   2.4205  
0.0665   41.2107  31.9572  2.6962282802e+08   2.0660   2.5098   1.8000   1.7518  
0.0798   48.4009  48.2403  1.2511180714e+08   2.2254   5.6264   2.2501   0.2693  
0.1243   79.4625  75.4996  7.9364084944e+07   1.5313   5.3533   2.0932   4.5746  
0.0639   34.1249  28.2903  6.0362663512e+08   1.6372   1.6347   1.2442   1.1283  
