0.0495   35.4501  34.1227  1.9035779676e+08   1.0751   3.0632   0.8009   1.8268  
0.0669   37.3720  36.2919  1.0193119876e+08   2.1186   2.5996   1.0688   5.1723  
0.0545   29.9440  25.4405  1.7376462361e+08   1.1029   1.3958   0.6208   1.9562  
0.0539   43.2257  42.8237  4.7287466254e+08   2.1087   3.1962   1.3395   5.8678  
0.1042   68.0961  65.1990  2.4352166716e+08   1.8362   3.1173   1.5973   2.4570  
0.0660   29.7674  29.4588  3.4293378439e+08   1.1565   2.2153   1.5841   5.6845  
0.0495   75.1521  47.1235  1.8277456592e+08   1.3659   0.0527   2.3049   0.9846  
0.0495   34.4708  33.3041  7.7429413956e+08   1.1705   4.8235   1.2652   4.7861  
0.1421   60.2660  47.0552  1.9060750207e+08   1.4300   5.3232   2.0134   2.7593  
0.0502   33.3582  33.2773  9.9056425453e+07   1.0593   6.2660   1.8735   1.9909  
