0.0999   35.3082  31.7791  1.9019710005e+08   1.0422   4.8392   1.3222   5.4215  
0.0635   64.0433  57.7079  4.4309877089e+08   1.8153   3.8840   1.7867   4.8161  
0.0561   44.3238  36.9484  5.6480332296e+08   2.5683   4.4077   2.0422   4.0710  
0.0495   31.5309  31.5130  5.3280941912e+08   0.6564   0.4323   2.4450   3.3845  
0.1205   71.3443  70.5911  7.3082039236e+07   1.9356   1.7072   0.5985   2.5197  
0.0561   40.5390  38.0232  3.6723694107e+08   1.7127   4.2036   0.8480   0.1621  
0.1405   75.1287  63.9911  1.8626582765e+08   1.6677   4.5173   2.2190   4.7647  
0.0495   32.9968  27.0257  4.4854764707e+08   0.6550   3.3890   2.5926   1.0096  
0.2021   75.4672  74.5470  1.2455406332e+08   0.8484   0.0639   1.0131   0.2190  
0.0603   63.5215  61.1877  2.0822671631e+09   1.6485   3.1820   2.1556   6.2702  
0.0542   34.6151  33.8962  3.7985661735e+07   1.5955   5.6378   1.7289   1.3261  
0.1364   61.4477  59.0748  1.4011670323e+08   0.8090   2.8122   1.0678   2.4473  
0.1275   81.2997  68.6035  2.4097501020e+08   1.7377   1.7269   1.9524   0.5642  
0.0767   77.5630  74.9941  4.9829765070e+08   1.9876   5.1560   2.4042   4.3770  
0.0495   32.0996  29.4485  1.1982786011e+09   1.7683   1.6765   1.0690   5.3536  
0.0495   72.0085  59.1279  1.5950400825e+09   2.1450   3.8071   2.1993   4.5216  
