0.0495   35.8789  34.5831  1.8271744438e+08   0.7093   1.6536   1.8458   4.3782  
0.0495   37.4198  36.5195  3.7341521521e+08   1.4009   1.2903   2.2827   2.0688  
0.1293   51.5739  48.9736  3.1284263935e+08   2.1343   1.2650   1.9688   1.1837  
0.0495   61.1739  60.9467  1.6340364055e+08   2.1180   1.2010   1.6872   3.2047  
0.1341   49.8063  49.0487  2.0416297321e+08   1.1310   5.1585   2.6926   1.8067  
0.0652   36.0822  35.9865  5.4931100460e+08   1.5503   5.5018   1.2205   1.6639  
0.0647   41.7748  37.0949  2.1597590304e+08   0.6690   3.9345   0.3630   5.7521  
0.1525   56.7607  52.7930  1.0873154126e+08   2.0479   0.0941   0.6145   3.7476  
0.0495   38.8408  37.6492  4.8625117957e+08   2.0217   2.4107   0.7452   0.2087  
0.0495   25.1561  24.3849  1.6853025999e+08   2.2236   6.0273   0.9037   2.4082  
