0.0685   38.3430  32.8811  3.9718772555e+08   0.8362   1.8547   1.2416   2.0127  
0.1427   42.7875  42.4584  1.1622204647e+08   1.3748   2.6070   1.3266   5.8237  
0.0769   39.9822  32.8825  2.5824637082e+08   0.7286   1.5205   0.7842   2.3067  
0.0642   41.0691  39.0949  2.3926297120e+08   2.1579   5.6624   1.5778   6.2814  
0.0872   42.1808  36.9568  2.6551824770e+08   1.5851   5.7464   1.6047   5.0809  
0.0495   33.4239  30.0483  1.3814581524e+08   1.9937   5.2009   0.8173   1.2336  
0.1083   74.6632  74.5750  8.2741338520e+08   1.8332   1.4863   2.1803   1.4734  
0.1080   96.7671  79.0781  1.9374920655e+08   1.5220   1.5666   2.4546   3.4648  
0.1970   79.8056  73.0546  4.0539307793e+07   1.2133   5.1053   1.0456   2.0034  
0.0595   41.2680  38.3935  2.5717677094e+08   2.8562   0.7915   2.2781   1.5176  
0.0957   56.7067  54.0326  1.9397541589e+08   2.0976   4.1357   0.7159   6.1101  
0.0495   72.4859  62.0155  1.8929924592e+09   2.9138   0.3586   0.5578   1.5099  
0.1193   32.6304  24.3824  1.3228458042e+08   2.1151   5.4107   1.9981   5.3875  
0.0703   94.7493  76.8715  1.3337204038e+09   0.7345   2.7507   2.6809   4.5223  
0.1289   42.0422  41.6935  1.5888010235e+08   2.2466   5.7546   1.6966   6.0794  
0.3102   72.9064  72.2196  1.5017814796e+08   0.8667   5.7296   0.5515   5.6168  
0.0832   76.4782  65.1120  1.7718907156e+08   1.6210   5.5475   2.4517   4.2347  
0.0629   27.8662  22.8198  2.1883628659e+08   1.4137   1.9990   1.1456   1.8255  
