0.0877   71.0379  67.7825  1.4409795728e+09   1.1743   4.5769   0.5369   4.7396  
0.0495   32.0871  27.6963  1.7508801086e+08   1.7545   4.6038   0.6899   1.6125  
0.0495   35.7525  34.0843  1.2173920897e+09   1.7223   2.1302   1.4964   4.7861  
0.1152   49.9534  42.7836  2.8144390079e+08   0.7891   5.2510   2.4758   1.2994  
0.1351   79.1564  70.8277  2.0932153256e+08   0.4583   1.4544   1.3235   1.2988  
0.0671   62.8285  50.8541  1.1786381550e+09   3.0260   5.6953   2.8337   2.4805  
0.0998   82.6593  73.4849  3.3913098086e+08   1.5898   3.9941   2.5117   1.5295  
0.0495   53.3107  31.9211  1.3036393657e+09   0.8707   3.3823   1.4850   3.1427  
0.0516   32.7044  26.0859  2.6882486016e+08   1.5792   1.9747   0.8251   2.7723  
0.0938   32.1269  27.7072  1.0923567707e+08   1.9134   5.6902   1.5547   2.8837  
0.0495   34.8702  29.8327  8.7823519524e+08   1.1922   4.7984   1.6172   2.2985  
0.0495   35.7888  35.1830  6.0558760204e+08   1.7048   4.3242   1.6045   4.4211  
0.0757   31.2603  26.3889  4.0673674623e+08   1.3128   4.9745   1.6067   4.7351  
0.0495   35.1532  34.2844  7.0109686715e+08   1.7657   5.8611   2.1137   0.3655  
