0.0495   31.8476  29.3364  4.6202045708e+08   1.3560   0.0060   1.6180   6.1605  
0.0713   39.9332  34.3710  4.8639907420e+08   1.8339   6.0843   2.2783   5.5225  
0.0743   37.8630  36.9686  4.5218969601e+08   1.7568   5.5237   0.8932   2.2330  
0.0495   39.5311  35.5591  9.9906032015e+08   1.6164   5.1948   1.3303   2.0595  
0.0495   40.9462  34.9326  7.9180344527e+08   1.7882   1.7852   1.5283   5.9443  
0.0767   64.6956  63.4774  1.5145561877e+09   1.9669   5.7649   0.5473   2.2663  
0.2824   84.0237  73.7936  7.1764827198e+07   2.1084   4.9988   1.0711   1.7932  
0.1968   80.8076  46.8062  7.6895197789e+07   1.5456   5.8177   1.5083   1.7981  
0.0857   36.6302  32.7595  3.6897765997e+08   1.6265   1.8646   1.4116   5.6259  
0.0798   32.0797  26.8644  9.2724090845e+07   1.7625   5.5525   2.1969   2.5979  
