0.2240   71.0532  68.6730  1.7213887560e+08   1.4261   2.0299   2.1682   1.7236  
0.0656   35.4348  34.8414  3.0955774917e+08   1.2476   0.9817   1.3427   1.0533  
0.0495   38.3856  35.1160  8.8570676437e+07   1.9741   1.5874   1.1355   4.2307  
0.0495   39.0717  38.5986  5.9754671920e+08   1.4931   3.3465   1.0369   2.8660  
0.0601   76.4881  75.2472  1.7488256361e+09   1.1062   0.1341   1.9232   3.9954  
0.0495   36.6942  27.3881  1.4420300829e+08   1.2730   2.3082   2.8642   1.4871  
0.0495   36.6028  35.9691  8.3905856474e+08   2.3533   5.1376   2.1968   6.0020  
0.0495   42.3858  40.9305  5.3825869315e+07   0.2681   4.6934   0.7567   0.0830  
0.1150   52.5490  49.9429  6.7487352806e+08   1.3865   5.8246   1.6986   2.6312  
0.1177   71.5808  46.0721  1.6257625937e+08   1.5826   5.4872   1.9541   3.1945  
