0.1414   65.0774  64.2125  6.8706701033e+07   1.7128   1.1865   0.8782   5.2172  
0.0714   56.5009  55.4641  3.9773725083e+08   2.5960   4.5456   2.7707   3.2064  
0.0495   39.3138  38.4110  3.6824662333e+08   1.6916   5.1605   0.4287   0.5857  
0.0901   76.3521  70.0353  1.6458737751e+09   1.8632   4.2583   2.1384   4.5660  
0.0636   41.5044  39.8693  4.6047184609e+08   1.3381   2.2413   2.2501   5.9012  
0.0848   34.5202  33.8441  5.6109719152e+08   1.7846   5.5124   1.4564   5.4226  
0.0495   60.7826  59.2986  5.7115174642e+08   1.9399   6.1278   1.1647   0.6222  
0.0765   36.2456  36.1055  1.1107546796e+08   2.0824   3.0525   2.1554   3.6014  
0.0633   30.5256  26.8650  1.5583243930e+08   2.3526   1.8263   0.2910   4.7721  
0.0495   70.2130  69.6053  9.1284214969e+07   1.6754   2.4563   1.7720   4.2142  
0.0570   36.2051  27.2172  5.9607120901e+08   1.7376   5.5782   0.9596   1.8909  
0.2998   64.0209  60.8914  1.0433435616e+08   1.8551   5.1267   1.3334   2.4438  
0.1112   80.0798  72.3464  2.1545770548e+08   2.3295   4.4163   2.5474   3.6506  
0.0495   34.1582  24.1599  2.1942432073e+08   2.8236   1.0403   2.8489   2.8242  
0.4209   93.1112  75.5566  1.0525245400e+08   1.3501   5.3402   1.8205   5.6984  
