0.0495   93.5594  48.0444  1.7057876502e+09   1.8256   0.5147   1.4362   1.2471  
0.0495   33.6028  25.6804  3.5576917101e+08   3.0616   2.3041   0.4664   0.3639  
0.0647   36.8334  34.3473  7.1369687921e+08   1.3944   4.4770   1.7257   1.6739  
0.1665   79.7669  78.1913  1.0280235644e+08   0.1485   4.0326   0.7400   0.8302  
0.1594   68.0265  67.5144  2.4788636775e+08   1.5008   5.9381   1.4623   5.0491  
0.0599   32.0312  31.7527  2.6813932725e+08   1.8891   1.7572   0.6839   5.2808  
0.1160   43.4880  41.2169  2.9798102860e+08   1.6130   4.9054   1.8272   5.0704  
0.0587   79.2578  74.4515  1.1958547833e+09   2.1464   4.2007   2.0686   5.5023  
0.0574   39.0019  35.2991  4.8429938810e+08   2.5080   6.1060   2.0752   5.9805  
0.1208   64.8904  57.9340  2.6806874927e+08   1.8931   3.2274   1.6264   3.2397  
0.0730   35.1582  33.2626  8.8154814459e+08   1.4396   2.2126   1.6987   2.4189  
0.1113   79.2738  60.6719  3.9389766444e+08   0.2520   4.1288   0.6764   5.1311  
0.0956   34.2017  32.6297  6.5930722293e+07   1.0161   2.0933   1.6626   4.8158  
0.0723   77.1903  67.9256  4.0144864141e+08   0.4088   4.9961   1.8196   2.8537  
0.3208   52.8085  51.5408  1.1379132472e+08   1.9048   2.4052   2.1617   2.2391  
0.0674   31.8299  29.3353  1.1011827029e+08   1.6157   0.8053   2.3357   3.6214  
0.0495   40.5835  40.4810  3.0633969109e+08   1.5260   3.2579   1.0839   6.0657  
0.1258   56.2939  44.3576  2.1976451275e+08   2.8364   3.3923   2.6277   3.5840  
0.0710   50.5180  44.9905  2.4787683920e+07   1.0174   2.2175   2.8878   5.9940  
