0.0675   37.8418  33.1885  4.5917601407e+07   0.8699   2.6094   2.2196   5.2831  
0.0495   67.4099  66.0725  1.3207986315e+08   1.6492   5.7789   1.2565   4.7919  
0.1060   43.7721  43.3172  1.0681424770e+08   1.6182   4.9289   0.8410   5.0634  
0.0495   31.3283  28.5092  1.3217073786e+08   2.3355   4.1892   0.6984   5.7256  
0.0527   38.5303  38.1509  8.5937911769e+08   1.2281   3.6487   1.0756   4.1672  
0.0495   80.6797  52.8613  2.4700307673e+09   1.1995   3.1218   1.3349   3.6247  
0.0697   66.6889  42.4836  1.4015436499e+08   1.5485   3.4595   1.5923   5.1401  
0.0562   29.2198  25.1518  2.1592581376e+08   1.7049   3.3387   1.4684   0.4596  
0.0495   34.2559  33.3262  3.8069320147e+08   0.4067   2.3491   2.2029   4.9713  
0.0658   28.2964  22.0992  2.5619270753e+08   1.9452   5.0017   1.6932   5.4542  
0.0495   79.7529  44.2475  3.1508946363e+09   0.4691   4.2562   2.4838   1.7653  
