0.0846   36.1395  26.5424  2.3803306262e+08   1.4328   1.9481   1.2128   5.0143  
0.0639   35.7114  35.0420  9.8834466091e+07   1.9490   4.5780   1.1927   1.1385  
0.0495   32.7582  26.7876  5.6872751240e+08   1.6596   4.2376   1.1973   1.4398  
0.0513   36.6704  30.6697  6.4208811779e+08   1.5821   3.0102   2.3604   6.0333  
0.1246   59.6406  41.4850  1.5273688902e+08   0.9844   0.7218   0.6568   0.2526  
0.0685   32.7394  32.6859  4.6520061032e+08   1.3510   4.3482   1.5208   4.0934  
0.1496   54.4586  51.4890  2.9850192259e+08   1.0974   4.8677   1.3539   5.2857  
0.3175   71.2680  58.6941  4.3462681852e+07   1.5824   1.6651   1.8082   4.5264  
0.0859   62.1475  58.6579  8.4172465745e+08   1.8634   2.4170   1.1572   5.7007  
0.0615   35.8128  32.1483  2.2619740696e+08   1.1258   4.6986   0.3415   3.7205  
0.0495   35.7362  35.4854  5.6088394792e+08   1.9086   2.0091   1.8348   1.4165  
0.1906   83.2846  39.5698  6.8675542123e+07   1.8677   5.8481   0.9560   1.9474  
0.1627   39.3256  36.6969  1.1375104317e+08   2.1479   2.4007   0.5306   6.0141  
0.0495   33.5007  28.6581  2.2728747834e+08   1.8604   3.6478   1.7940   6.0605  
0.0670   60.4139  54.4137  4.0074413073e+08   1.8323   2.2410   1.0278   3.5850  
0.0495   36.3749  26.9978  2.2979426331e+08   0.5452   1.4101   0.2165   5.1633  
0.1374   40.1041  38.2690  5.1297223501e+07   1.5406   5.5927   1.6265   5.0534  
0.0766   53.2176  50.3386  1.2817637373e+09   1.2926   5.1769   1.4095   2.3286  
0.0577   40.2293  39.3376  1.3572560859e+09   0.8170   1.6380   1.9957   4.7523  
0.0963   26.8633  26.1266  1.3632215621e+08   1.8791   5.3276   1.4391   4.8884  
0.1479   60.5275  57.2957  2.7464903458e+08   0.7297   1.5469   2.2123   5.3574  
0.1317   82.4585  69.9615  8.3504997024e+08   1.0410   0.9894   0.8651   1.0096  
0.1409   40.7745  34.5013  1.0903269809e+08   1.5732   2.2785   1.3468   5.2124  
