0.0867   65.9030  58.8169  7.4356245376e+08   1.5961   3.2470   0.9311   3.0760  
0.1380   41.1623  31.1784  1.8587058396e+08   1.1915   5.2971   1.0792   5.0775  
0.0924   68.6957  66.1342  3.1302799343e+08   1.5484   2.3933   0.1747   2.4872  
0.0582   66.9444  57.6040  1.2598935180e+09   1.1029   1.6375   1.2551   2.6294  
0.0753   88.3753  88.1169  4.8554430860e+07   2.2227   5.0040   0.6166   4.2426  
0.0495   39.3614  30.4680  4.5953901878e+08   2.0377   0.4265   2.3601   1.3620  
0.0698   48.9230  48.5185  1.4859595541e+08   1.1308   2.6444   0.0829   5.8307  
0.3849   82.8547  80.8982  5.4287769079e+07   2.2042   1.9897   1.9233   1.5521  
0.1533   40.5615  40.1903  1.2495249381e+08   1.2814   1.6809   1.5337   1.6970  
0.0506   79.3530  71.7072  4.1578005148e+09   1.3978   0.9470   1.8550   4.2809  
