0.0495   27.1923  27.1078  7.9477342904e+07   2.1347   5.5159   2.7935   5.1263  
0.1513   85.8739  69.0299  2.0021577971e+08   1.3770   5.9021   1.7708   1.6515  
0.0509   43.3251  36.0699  1.5618405965e+09   1.6747   1.8000   1.4191   4.2221  
0.0736   38.3585  35.0087  1.3746737111e+08   1.9596   0.0330   2.0445   0.0722  
0.0565   38.1648  33.0566  2.3423045488e+08   1.4331   0.3180   1.8204   6.2231  
0.0495   54.1928  53.0076  4.1696266072e+07   0.9321   3.9260   1.8472   4.4778  
0.0495   38.1196  37.3334  5.5596273536e+08   2.5023   4.9296   0.3692   3.3684  
0.0719   35.6573  31.8757  1.7680416891e+08   1.5272   0.5639   1.9282   0.3087  
0.0571   35.7714  27.7438  7.3706527837e+08   0.6626   4.4648   0.8955   4.4480  
0.1187   87.0778  80.0047  1.7521689963e+08   1.4843   5.5135   2.6724   0.8018  
