0.0647   75.5822  67.5575  3.1603407973e+08   1.4183   5.5704   1.2919   6.1165  
0.0495   40.2020  39.7587  7.2308524439e+08   1.1143   1.6480   1.7782   4.8182  
0.0495   35.1084  20.7421  4.7527776477e+07   1.1158   1.9985   1.5059   2.9588  
0.3850   77.7964  76.6628  5.8745480207e+07   1.4928   4.3502   1.7251   1.1453  
0.0728   37.4274  33.6073  7.1701320548e+08   1.4213   1.6719   1.7660   1.9341  
0.0517   69.6528  68.5120  2.9519689484e+09   1.1833   3.6924   1.1557   4.0328  
0.1584   71.0832  69.6055  3.9758640172e+08   1.9731   1.4090   1.6667   1.8620  
0.0982   44.9594  44.3356  1.3207969009e+08   1.1525   5.4820   1.0626   2.0784  
0.1574   87.3704  66.3381  1.2993132426e+08   0.5516   0.8482   0.5822   5.3624  
0.0665   36.7480  36.1513  8.2572249911e+08   1.4563   2.1259   1.2280   2.8303  
0.1767   74.6270  73.8635  1.2246255723e+08   2.9564   5.0679   0.8434   3.4409  
0.1800   80.4663  79.1531  6.4964838057e+07   2.8596   4.1426   0.7820   0.2816  
0.0495   34.5120  30.1336  1.1608237192e+08   1.0126   2.5492   1.0835   3.0496  
0.0654   33.7140  29.8253  2.7105242392e+08   0.6506   2.4385   2.7603   6.2771  
0.1789   57.6139  55.1497  1.2637745164e+08   1.5877   5.1659   1.4242   5.6680  
