0.0823   51.8533  43.6531  4.3244191621e+07   2.6226   0.1377   2.1635   1.0427  
0.1030   68.7726  67.1389  9.4257642453e+08   2.4738   1.1738   1.1716   4.0784  
0.0495   31.5855  30.9700  1.1754654828e+08   2.2521   6.1470   1.4149   2.2696  
0.0715   66.4589  43.6527  8.3316369302e+08   1.8615   5.9032   1.5202   2.0759  
0.2416   79.9731  79.2634  2.3216908615e+07   2.3802   4.8761   0.8230   1.4973  
0.3924   86.6561  84.9118  8.6011204216e+07   1.5157   1.9904   1.9069   5.3603  
0.3696   66.5747  63.4115  1.1513620811e+08   2.0689   2.5109   1.0047   5.7542  
0.0495   29.6866  19.9773  4.8547974042e+08   1.8385   2.8848   1.3940   3.0440  
0.0495   38.8759  35.4137  3.7013079154e+08   0.4117   4.0634   1.0699   4.4341  
0.0650   33.4677  26.2557  2.8264734756e+08   1.3560   6.0166   0.7747   0.0637  
0.1681   37.4467  34.2609  1.0136874047e+08   1.4235   2.3653   1.7288   2.3277  
0.0881   37.6120  37.3005  1.5562974104e+08   2.0746   1.4532   1.4214   3.8455  
0.0495   67.3431  51.4043  1.8289874064e+09   2.9661   0.8055   2.6542   3.2437  
