0.2260   51.0418  48.8944  8.5337750668e+07   1.8288   5.0105   1.0800   1.4322  
0.0495   33.5660  26.3837  5.8255755732e+08   1.4527   1.9326   1.6914   2.6208  
0.0495   35.6184  30.3806  4.4120603055e+08   1.0814   4.7380   0.4689   3.8835  
0.0532   18.8777  18.2615  1.5976594313e+08   1.0958   5.3236   2.6031   1.6840  
0.0495   66.9268  60.1495  3.2026883837e+09   2.3719   6.1500   1.7849   5.9420  
0.0513   22.3479  21.9352  1.1399555126e+08   1.6221   4.4636   1.1726   1.6303  
0.1551   45.5135  34.3519  1.0358963029e+08   1.5617   4.5946   1.5623   1.4357  
0.0495   49.2027  46.1937  2.1986520596e+09   1.1603   5.4315   1.7951   5.5372  
0.1406   70.1416  38.1995  2.1152714425e+08   1.8267   5.8284   1.7374   5.6282  
0.2376   58.6758  50.6813  1.1173140980e+08   1.7171   1.9534   1.5484   5.3477  
0.0495   36.0537  35.8673  1.5195332911e+09   1.8199   5.6679   1.6281   2.7715  
