0.1050   64.2093  60.3132  4.8968590632e+08   1.2275   5.2051   1.5393   2.7702  
0.0988   42.8880  38.1340  4.3114550385e+07   1.8092   1.9777   1.8589   2.7790  
0.1098   68.3530  44.7835  2.5065895128e+08   2.5626   1.4179   1.4327   4.4764  
0.3000   93.7521  81.2249  1.3384385433e+08   0.2061   5.8159   0.2012   2.8400  
0.1227   56.9499  53.8288  1.8274059913e+08   1.6207   4.7474   1.5008   4.0207  
0.0955   33.7268  33.3140  6.1826411149e+07   1.6518   6.0477   1.6193   2.3951  
0.0591   39.1272  35.9214  2.2174785404e+08   2.7318   2.7235   0.4539   1.9001  
0.2165   81.2595  70.6394  1.1246395371e+08   1.3511   0.3965   1.5393   3.1379  
0.0495   36.1101  36.1034  1.3511848502e+09   1.9710   5.2000   0.7639   2.7653  
0.2158   67.8933  56.5496  1.2105212158e+08   1.5139   4.4775   1.2058   4.5522  
0.0768   35.5925  33.4147  6.1064781403e+07   2.2430   2.0444   0.7075   6.1459  
0.0600   33.1734  26.2912  5.0670114832e+08   2.0835   2.1050   1.5971   4.8318  
