0.1011   57.3364  53.2748  4.8392463548e+08   0.8898   1.1365   1.2376   0.4524  
0.0520   37.6562  24.7192  2.3232558537e+08   1.4531   4.8688   1.9127   1.3309  
0.4746   78.1472  65.4002  9.8292358813e+07   1.2332   2.3481   1.6372   2.4273  
0.0495   48.7696  39.3535  3.5619199109e+08   1.1889   3.3603   1.4891   0.5126  
0.0557   35.2133  34.9877  6.5324132980e+08   1.2462   5.2924   1.7626   2.0086  
0.1436   72.3654  66.0616  3.1548105052e+08   1.8562   5.5439   2.1146   2.3481  
0.0916   91.7744  83.5127  5.7287611475e+08   1.2788   1.7146   0.7411   4.6084  
0.0802   31.8867  31.6817  7.9657719763e+07   1.5652   5.0453   0.7456   5.0017  
0.1920   81.2062  79.2727  8.7466934632e+07   1.0833   1.9921   1.9670   5.2530  
0.0752   50.4880  42.4988  7.6829870076e+08   1.7311   0.3974   1.8385   0.7372  
0.0495   65.0086  63.2507  2.5081701724e+09   1.3618   5.2502   1.8864   4.7730  
0.0875   35.6219  34.7316  1.2914322634e+08   1.2835   4.5568   1.4968   0.6081  
0.1592   73.4966  70.8419  2.6891148572e+08   2.1664   1.4596   2.1755   1.0911  
0.0495   43.5109  36.3451  1.4242911142e+09   1.1887   4.4089   1.3496   4.9703  
0.1452   71.8450  55.5618  1.8592904783e+08   2.5272   1.1311   2.1153   1.2338  
