0.0495   34.9062  34.8344  4.6522918699e+08   0.4586   4.1126   2.4546   1.0605  
0.0495   73.9859  62.6966  1.7962845477e+09   2.2376   1.3451   0.9089   3.7560  
0.0722   59.3888  57.3641  3.3566984384e+07   1.6117   6.0488   0.9268   2.2961  
0.1171   57.3172  56.0219  2.1363389173e+08   2.7958   0.3300   0.4849   2.9581  
0.1920   73.9796  66.1681  1.6727117211e+08   2.0363   2.9552   1.6503   3.0339  
0.0495   37.3727  34.9385  1.0798591499e+08   1.1972   5.6130   1.5761   2.5343  
0.0893   42.2244  41.9732  3.7359964141e+08   1.5417   0.1456   1.9051   0.5539  
0.0978   76.2365  71.4277  1.3374422387e+09   1.0442   0.5502   1.8207   3.9075  
0.0495   73.1604  72.7487  1.1034596634e+09   1.5479   0.1111   1.3710   6.2125  
0.1542   55.0833  47.1424  1.5022640801e+08   2.1404   5.4836   1.6507   5.4664  
0.0571   29.7155  26.9623  5.9548567598e+07   1.4209   1.7008   2.4096   4.7123  
0.0765   32.3567  29.3074  6.5250012903e+07   1.9847   1.1675   2.4003   1.3149  
0.0495   38.5187  37.3381  1.1155854656e+09   1.9130   4.2178   1.7203   4.0097  
0.0862   31.6351  23.9512  2.2195497986e+08   1.1345   5.5617   2.4070   2.3493  
0.1083   56.0820  54.3807  7.3692959447e+08   1.3193   5.4035   1.5942   2.2704  
0.0701   74.8072  72.5818  3.5588185746e+08   2.3829   0.1202   1.8778   5.7191  
0.1018   87.0686  85.6606  6.3939269421e+08   2.2142   2.0079   2.0911   1.4375  
0.0656   33.6756  32.6394  3.4743915583e+08   0.6323   2.1600   0.7471   2.5232  
0.0839   31.2201  24.6698  1.4129728024e+08   1.4888   4.9669   1.9454   1.1980  
0.0816   31.8577  30.4912  3.9091176884e+07   1.5881   5.6706   1.1592   5.8345  
0.0935   79.4763  59.6927  1.9623912207e+08   2.8362   4.8918   0.9699   0.5714  
0.1631   64.8130  63.1613  2.4274311716e+08   1.5147   4.4346   2.1535   1.8910  
