0.1374   67.9215  59.3547  5.4525241573e+08   0.7338   5.9484   2.6170   2.7514  
0.0495   34.4339  25.5172  9.6995784363e+07   2.0149   6.2789   1.2773   3.6397  
0.0581   32.5260  29.3039  1.4939901238e+08   1.6437   4.9717   1.7604   1.8516  
0.1742   65.8342  46.9606  7.9453628336e+07   2.1363   0.4483   0.8297   4.3034  
0.0495   35.3555  31.0379  1.4574293978e+09   1.7218   5.0519   0.9048   2.0819  
0.0999   49.2037  48.1686  5.1359129192e+08   0.7545   2.7803   0.4292   2.6217  
0.2543   77.8041  71.2072  1.1362618128e+08   1.0691   4.2388   1.1068   4.4327  
0.0538   38.5973  38.2598  4.4297536845e+08   0.2035   4.8872   2.6183   4.9120  
0.0503   30.9959  28.4169  4.9412549366e+08   1.5085   3.4367   1.4957   0.4354  
0.0589   36.9278  33.3594  1.0129348241e+08   2.8446   3.9434   0.4436   5.3940  
0.0498   33.1753  28.3439  4.2317650348e+07   0.7272   2.2965   0.5122   2.2710  
0.0673   79.3847  69.1952  1.3630522994e+09   2.3026   1.9797   2.1711   2.3147  
0.0495   66.5713  59.2333  1.9357874405e+08   2.4875   1.7230   0.8094   0.6162  
0.1858   60.6144  54.6072  2.0325100410e+08   2.2578   1.1573   0.8077   4.2556  
0.0495   59.2030  51.1479  4.4084945179e+08   1.9575   2.1762   0.4877   3.2779  
0.1603   79.7928  79.2906  1.8820525406e+08   1.4097   4.9374   2.2718   2.3155  
0.0643   39.6766  26.7724  1.0948540775e+08   1.7719   2.7643   1.0642   4.7172  
0.1067   51.9289  35.4586  3.6819288700e+08   1.1499   2.3109   1.7993   2.3858  
0.0499   45.8561  45.5019  6.3293477740e+08   0.9551   5.1435   1.1478   4.0116  
