0.0495   52.4930  49.1715  1.9417093215e+09   2.2468   4.0770   1.7096   4.1145  
0.0497   38.3879  36.7400  6.0256715834e+08   2.4190   5.2020   1.4982   4.9177  
0.0971   66.9752  60.4133  1.9435484480e+07   1.8762   6.2438   1.1467   6.2367  
0.0495   50.9715  40.2917  4.3142983735e+07   0.8883   1.9797   1.9490   0.5563  
0.1556   66.6522  47.6631  1.3440481870e+08   1.7410   2.2376   0.5914   5.7969  
0.0615   39.4782  26.9891  1.5764536001e+08   2.6027   5.7058   2.7915   2.6643  
0.1271   57.2755  40.8389  3.9770918843e+08   1.9850   4.9297   2.4240   4.9475  
0.0495   41.5954  39.7107  9.6887785136e+08   0.9538   5.5051   1.8797   5.8218  
0.0927   26.9553  22.2577  1.3517001175e+08   2.0067   4.7922   1.6808   4.5999  
0.0579   36.7888  34.1566  7.0350121702e+08   1.9370   2.5217   1.9178   5.3459  
0.0495   56.9430  56.3977  7.7197681543e+08   1.9344   4.9754   1.0394   4.0115  
0.0552   60.8596  46.4058  8.0149775488e+08   1.5096   1.5142   1.6049   4.9006  
0.1562   34.7103  32.3309  1.3545707376e+08   1.1983   2.2246   1.9901   5.3595  
