0.1772   71.7123  61.7361  1.6210308162e+08   3.0545   3.1226   2.6889   1.1196  
0.0571   59.0782  51.5742  2.8989188889e+08   1.5063   0.1528   2.7249   0.9687  
0.0495   67.9728  67.0001  1.0331164173e+09   0.8915   4.5120   2.7148   0.5785  
0.0515   33.2174  25.0542  5.4866127995e+08   2.2642   1.8122   0.4835   4.6210  
0.0715   40.4701  39.6211  7.2344529835e+08   1.4903   1.9683   1.6628   1.8009  
0.1304   42.5754  40.0497  1.3544583248e+08   0.6927   5.6667   1.8812   2.3686  
0.3010   67.4620  63.6748  7.6741357325e+07   1.7515   5.7219   1.2458   5.6027  
0.0495   80.4942  75.7653  1.9526938262e+09   1.8373   5.4488   1.6449   1.9137  
0.1450   81.6206  80.1261  2.6306497254e+07   1.9562   1.1270   2.5239   2.1013  
0.0564   34.9356  24.5374  2.6649215907e+08   1.1674   3.5496   1.0719   3.8113  
0.0495   46.6851  45.8372  1.2167538648e+09   0.9548   1.6263   2.3573   3.7493  
0.0625   71.3240  42.9716  6.3073067394e+08   1.3734   4.2411   2.0164   1.0813  
0.0495   34.5870  33.9419  8.5329216053e+08   1.5313   4.3658   1.1492   3.9208  
0.0495   36.4776  30.1953  8.4222629995e+08   2.1665   4.9702   1.6184   1.4152  
