0.0495   33.1723  32.9359  8.8835388671e+08   1.5348   3.8957   1.4354   0.5310  
0.0495   35.2996  23.9880  4.0367499150e+08   2.1146   0.6929   0.8607   3.7976  
0.1345   71.7302  55.1986  1.3647292031e+08   1.1783   0.4757   1.5793   3.2169  
0.1081   80.8203  54.3304  3.0783444675e+08   1.4455   2.9251   2.3048   2.8272  
0.1243   73.3393  71.7968  2.7509542201e+08   2.1557   5.2648   2.0179   0.3064  
0.1496   71.3166  71.2261  3.4526612049e+08   1.1416   5.5849   1.2183   2.4506  
0.0495   34.0622  25.6712  4.9549995297e+08   2.1246   4.6245   0.8556   1.1271  
0.1220   64.8192  63.2769  6.2682155975e+08   2.3741   1.9507   2.1095   2.1518  
0.1095   60.8650  56.2799  2.8174137046e+07   1.2164   5.6789   1.1961   6.2476  
0.1051   73.4662  65.5262  6.2369037570e+08   2.0828   1.5289   1.7235   4.4015  
0.0495   29.8179  27.8848  3.3677800007e+08   2.2384   3.5124   2.5672   3.7883  
