0.0495   49.8693  42.2602  1.1800426693e+08   2.3779   1.0666   1.9296   5.2547  
0.1518   80.9348  76.6410  8.4033510105e+07   1.2736   4.8095   1.9766   4.3334  
0.0617   50.9971  40.6209  6.8694987896e+07   1.5095   3.7465   0.8251   0.7249  
0.0609   19.9708  19.8968  1.3457819618e+08   1.7687   4.8585   2.2473   5.2883  
0.1167   41.8967  36.3158  3.0895320921e+08   1.6545   5.9653   1.8636   6.1366  
0.0495   25.9452  23.2036  1.1169297968e+08   2.4312   0.2272   2.3498   1.0584  
0.1477   57.8486  56.6132  1.9703275229e+08   1.3643   3.9551   1.7902   3.9598  
0.2095   72.2063  63.8991  1.2282354017e+08   0.3046   5.3130   2.9959   2.3691  
0.1427   38.4680  35.0549  1.2955457437e+08   1.7611   2.1540   1.3132   5.8370  
0.1843   75.6596  73.4277  1.3469634331e+08   2.5781   2.4291   0.8721   5.0655  
