0.3633   76.3379  68.9513  9.6418263804e+07   2.0338   2.2772   2.0504   1.7205  
0.2370   77.6551  72.0019  1.9434611151e+08   1.9557   3.9260   2.3527   3.9996  
0.0550   34.9224  32.9634  2.7606649555e+08   2.0902   4.9350   1.1913   5.2606  
0.0549   61.0110  38.2572  3.3452023991e+08   1.4694   3.3634   0.4503   2.9829  
0.1211   85.3790  81.7931  3.9548260185e+08   1.1714   2.4216   2.1467   0.3465  
0.1155   33.5935  32.7367  1.1083736865e+08   1.4741   1.7941   1.1468   5.3691  
0.0732   34.1574  33.4013  7.5986182971e+07   1.9314   6.0749   1.6488   0.4611  
0.0546   36.2467  26.1008  1.0808677370e+08   2.3525   5.6162   2.0297   4.7585  
0.0557   30.4983  19.3894  1.8599780648e+08   0.7301   5.4218   0.7559   0.0526  
0.0528   32.4095  20.7621  2.8799194110e+08   1.7914   5.2057   1.5051   1.8272  
