0.1080   39.2872  33.8539  1.1128173182e+08   0.8646   4.9346   1.1385   4.4172  
0.1093   30.2520  29.3018  1.0952375021e+08   1.3717   5.2699   1.3562   2.3501  
0.0495   33.1952  28.1518  2.9220684123e+07   1.5460   1.4528   0.9176   1.3816  
0.2308   76.7543  74.9298  1.2125520428e+08   2.6552   5.4445   0.8313   3.8123  
0.1079   42.4555  41.5245  1.3209623230e+08   1.4137   2.1400   2.5256   0.1199  
0.0526   44.3216  39.0431  1.1468604080e+09   2.0685   3.2042   2.5141   2.6790  
0.3049   68.7072  50.5720  7.9843123853e+07   1.1344   5.6123   1.5620   2.2256  
0.1654   67.5600  67.1611  2.3820998172e+08   1.5504   6.2779   0.8646   2.9259  
0.0495   32.8218  21.3537  1.7428035526e+08   2.1652   1.6115   1.2661   1.5780  
0.0860   34.4078  32.6188  1.7877169647e+08   2.1490   5.7394   0.5729   2.8573  
