0.0495   39.3574  35.4942  1.3027412666e+09   1.4116   0.5763   1.0090   0.6303  
0.0503   20.5608  20.3855  1.3296576667e+08   2.0369   5.3175   2.2216   5.0884  
0.0495   33.1276  31.9627  4.8588829462e+08   1.3126   5.0057   1.1550   1.2889  
0.0508   36.3713  35.7560  7.4019277179e+08   2.4542   2.1869   2.0775   3.1434  
0.0826   28.5184  27.9963  3.5300099443e+08   1.5846   5.4951   1.5731   2.1441  
0.2058   88.3488  79.1497  5.2077756095e+07   0.5065   5.3208   0.1737   4.9601  
0.0900   32.0996  21.5877  1.0832870289e+08   0.8908   5.5937   1.8312   2.4103  
0.0495   95.2998  95.1913  7.8321919412e+08   0.5632   2.8273   1.4247   1.3674  
0.0593   37.9060  37.7832  9.9613331505e+07   2.3073   5.5406   0.2460   4.1758  
0.0495   33.2558  29.7105  1.7026400177e+08   0.5871   4.5362   0.3562   1.6941  
