0.0495   31.2351  26.4749  1.0616872104e+08   2.6169   5.4069   0.4838   0.7727  
0.0495   90.7056  57.0844  1.9561588036e+09   1.9944   2.6364   1.3068   2.8904  
0.0609   25.3727  24.8221  1.9529967507e+08   2.2050   5.0869   0.4878   1.1156  
0.0495   59.9582  53.2457  1.1940239146e+09   1.4157   2.5812   2.3395   2.2566  
0.0742   32.0329  31.9479  1.6491481352e+08   1.7265   5.6488   1.7297   3.4567  
0.0640   36.0513  33.9856  9.5891565824e+07   1.6547   2.4240   0.6629   1.8397  
0.2566   93.9463  81.6025  3.1593539101e+07   1.2223   4.6018   2.5407   1.1721  
0.1125   37.2567  36.5497  1.8903280767e+08   1.4448   2.5851   0.8132   2.3723  
0.0495   38.7716  37.9348  8.9365081308e+08   1.6637   2.1077   0.7392   5.6624  
0.0595   39.7700  33.2165  3.7934321894e+08   2.5147   4.6411   2.2559   4.2501  
0.0634   33.0213  30.4495  1.5229665968e+08   2.3907   3.8681   1.3641   0.9404  
0.0528   41.3937  40.2024  3.9492024953e+08   0.9524   0.6720   1.2086   5.8557  
