0.1258   59.5981  50.1650  5.2999729121e+08   2.1149   5.6249   1.1306   2.7942  
0.0666   35.8593  33.2386  1.4325733359e+08   1.9454   4.5216   1.3577   2.0551  
0.1120   91.6684  88.9954  1.7527483062e+08   1.5575   5.3783   1.3488   5.0718  
0.0495   38.1983  38.0711  1.3669713666e+08   1.9960   2.8004   2.4124   5.7682  
0.0495   33.6702  32.1087  1.5152424267e+08   2.6615   3.6022   0.6632   0.5969  
0.1285   54.3945  51.3099  2.2984409475e+08   1.6449   1.7744   1.7955   2.5778  
0.0659   40.9366  32.3632  3.3857914777e+08   1.5174   3.0118   1.9267   0.2809  
0.0981   75.9189  64.0383  5.3331676119e+08   1.9605   3.5634   2.3585   3.8717  
0.0495   32.7107  30.1287  3.0893608450e+08   2.2547   1.9036   0.9326   3.8783  
0.0495   32.4875  24.4155  1.3745546473e+08   1.5299   1.0519   1.5908   4.7709  
0.1735   79.2991  75.0244  4.3510721885e+07   1.5698   4.7171   0.4283   2.0749  
0.1003   38.9313  38.5098  2.3111393242e+08   1.5871   1.5402   1.0727   1.4665  
0.0738   33.4115  26.4893  9.2120706215e+07   1.5961   6.1799   2.2091   0.4948  
0.0495   37.1919  31.3645  9.6913746224e+08   1.0590   5.8720   0.8942   4.9533  
0.1459   79.0055  76.7136  1.5950371293e+08   2.0866   4.3037   1.9997   1.9628  
