0.0641   71.3036  54.8460  5.2265382213e+08   1.2374   4.8852   1.1435   4.3936  
0.0793   66.2913  52.4865  6.9425789812e+08   0.4381   1.8521   2.5937   4.7874  
0.0576   26.9069  25.8402  1.4339095940e+08   1.1445   1.0797   2.2266   5.1589  
0.0495   36.2620  29.1048  1.7217559111e+08   1.4559   3.4506   1.3705   3.4730  
0.0639   52.6123  50.9604  1.4347180242e+09   1.0757   1.1392   1.2297   0.8246  
0.0495   36.6161  33.4692  1.6076720450e+08   1.9613   2.3928   0.9589   1.6042  
0.0495   40.1940  31.3398  1.0148232530e+08   0.5207   2.5954   1.5021   1.7220  
0.0495   20.6747  20.6141  1.7247284647e+08   1.3373   2.4226   2.1334   5.5845  
0.0495   37.4583  36.0972  3.8199283720e+08   2.3716   3.5056   1.3334   0.7419  
0.1111   50.4168  45.3172  1.7497102483e+08   2.1863   1.7303   1.5792   2.4191  
0.0555   28.5746  27.7171  5.4926820596e+08   1.5681   2.7426   1.8535   2.7881  
