0.2531   64.4002  55.3163  1.7420582903e+08   1.9162   2.0843   0.8820   5.0074  
0.0495   34.1477  31.1190  1.6461211047e+08   1.8732   0.2446   0.5172   4.4050  
0.2367   93.0551  77.8962  2.6852027454e+08   1.4159   5.1078   1.9127   2.2167  
0.0495   36.5499  35.8939  1.5080867540e+09   1.4614   5.2576   1.3024   5.6076  
0.0789   43.6436  36.5758  1.3410629903e+08   1.1011   4.6488   0.1568   2.5415  
0.4048   86.3890  79.4217  4.5534640000e+07   1.2105   5.0452   1.9614   2.5674  
0.0721   35.1169  33.3463  1.1632978685e+08   2.3788   5.0310   0.2231   5.3856  
0.0495   27.6879  25.8642  2.1722766249e+08   1.6457   1.2804   0.8206   3.8069  
0.0857   70.8117  70.1297  1.6847910483e+08   1.4688   4.2140   1.6038   3.6329  
0.0766   32.1157  26.3165  1.8361809241e+08   1.3804   2.5410   1.9576   2.5303  
0.0496   36.2432  35.4308  3.4626194162e+08   2.0798   5.8514   0.5288   4.0735  
0.0495   47.4617  45.3391  2.5906635414e+08   1.7245   4.2324   2.0562   3.6139  
0.0646   45.9241  40.3181  2.8480879257e+08   1.9292   3.9773   2.0714   0.9443  
0.3449   78.8706  75.0855  1.2233627548e+08   1.4084   1.5933   1.7197   4.6133  
0.0495   43.0401  30.0150  1.9766680597e+08   0.9262   1.6780   0.8277   1.6895  
0.0495   32.9023  31.0672  1.7364987681e+08   2.2204   6.1100   1.5709   0.6241  
