0.0495   37.2844  35.6068  7.6918302219e+08   1.6858   0.1195   1.3593   5.7998  
0.0586   29.7308  21.7453  2.1560401869e+08   1.8282   2.8323   1.2636   0.0064  
0.0542   34.0871  26.3434  9.0590819773e+08   1.8259   1.1511   1.6781   1.1879  
0.1737   69.8738  62.2225  1.4517867766e+08   1.7877   3.9953   2.0392   4.5057  
0.0689   64.5688  54.7400  5.4768178126e+08   2.7731   4.5106   1.7901   5.0653  
0.0607   33.7996  33.6529  1.2405105607e+09   1.4238   4.7134   1.6786   1.4475  
0.0736   78.3343  67.2546  4.1375774519e+08   1.5350   5.6863   2.0103   6.0301  
0.0735   33.3236  32.8185  9.8948669164e+07   1.1987   2.4855   1.2984   2.5207  
0.0748   43.9380  40.9904  6.5042849537e+08   0.9105   3.0550   0.6766   3.4545  
0.0700   41.5131  40.7913  2.4784678061e+08   0.9177   3.2634   1.6818   2.9615  
0.0898   36.7621  32.7530  1.1843923308e+08   1.8154   4.8823   1.3190   5.4603  
0.0495   48.9253  41.5651  6.0389409538e+08   0.7758   4.9886   1.5395   4.5767  
0.0543   43.4307  43.1780  1.9199896389e+09   1.6081   3.1226   1.3665   6.2622  
0.0495   32.8964  19.9111  6.7309866067e+07   0.2376   4.8086   0.6319   5.1802  
0.1132   76.4568  74.9262  1.2904189032e+08   2.9049   2.5512   1.0446   1.8525  
