0.0748   31.2170  25.8614  8.2440113112e+07   1.5879   5.8194   1.6620   5.8254  
0.1873   57.3588  56.6891  1.4769876029e+08   2.1273   2.3362   0.6596   4.9888  
0.0753   28.6165  27.6878  1.1808154106e+08   0.9838   1.3385   1.1058   1.2622  
0.0495   37.1794  30.1811  9.5509845702e+07   2.4705   2.3811   1.7360   2.2986  
0.0727   32.4902  32.1031  4.2928590580e+08   1.4545   1.6942   0.9125   1.7568  
0.1233   61.1787  55.7868  3.7869596858e+08   2.3354   5.0109   2.3644   4.5836  
0.0495   35.3641  26.9517  5.0720994966e+08   2.7564   2.2607   0.3015   5.0093  
0.0684   36.2764  30.3536  6.9853583016e+07   1.0214   2.9424   1.1419   3.0908  
0.0625   92.7086  88.2800  1.2249467016e+09   1.1595   4.4490   2.2955   4.3636  
0.0527   25.8655  25.7069  4.0921352601e+08   1.8761   0.9880   1.5605   4.1890  
0.0511   58.1078  57.6259  6.1940821864e+08   2.8655   0.3792   0.3199   1.5917  
