0.1579   48.6511  47.5397  7.5331727621e+07   1.3593   5.2986   0.6631   5.1332  
0.0517   42.7228  33.3943  4.3465745668e+08   2.7076   0.9209   2.2768   2.2426  
0.1537   91.5007  79.2473  3.8846383419e+08   1.3712   4.1299   2.1364   1.5328  
0.0684   40.9763  40.4038  5.8668978977e+08   1.6009   3.8378   1.2862   0.3675  
0.0566   65.3151  45.4619  3.3493549202e+08   2.0276   1.4694   1.0019   1.3448  
0.0523   40.5859  36.1001  3.5797701230e+08   1.2184   5.9178   2.8482   3.1102  
0.0538   33.7747  33.4553  5.3790619076e+08   1.8355   4.0476   2.5222   4.3004  
0.1241   37.8748  37.2415  1.3271119624e+08   1.6256   1.2862   1.3421   4.6867  
0.0495   35.7673  28.5591  4.5060168961e+08   1.2245   3.3814   1.7558   3.8992  
0.0800   34.6287  33.0044  1.7476273114e+08   1.6800   2.0888   1.5534   5.3827  
0.2836   79.8035  68.4367  1.4786639550e+08   2.0292   5.1053   1.4997   1.4340  
0.1735   80.0002  63.5255  3.3478298304e+08   1.5757   0.9655   1.8355   1.3308  
0.0495   49.2246  47.3568  1.2686498687e+09   1.8390   5.8351   0.9031   5.8100  
0.0513   27.5117  25.9155  7.7663769979e+07   2.5188   1.0014   2.4824   0.7552  
0.0589   39.0622  21.9947  4.2370238686e+07   1.6056   2.7493   0.9101   5.8594  
