0.2562   79.9795  79.5087  9.9760839758e+07   1.2186   3.7018   1.4894   1.3579  
0.0986   29.8109  28.3227  1.2224075516e+08   1.5033   2.9651   1.3832   5.6860  
0.0763   33.6314  32.5370  2.7630699763e+08   1.7655   1.5457   2.4066   1.9575  
0.1125   67.0272  57.1530  3.8069976301e+08   2.6293   3.4791   2.2459   3.6327  
0.0634   31.0215  30.0526  5.9190287663e+08   1.1675   1.5656   1.6803   4.9511  
0.0495   30.3067  21.3344  1.9618355235e+08   1.9838   5.7231   1.0851   3.6025  
0.0620   33.8079  19.0577  1.5948385419e+08   1.0947   2.3154   1.2444   5.6965  
0.0505   75.2325  68.9487  3.6426576433e+09   1.1553   4.9902   1.6215   1.3372  
0.0556   37.1183  31.5839  5.9436054074e+08   0.3157   3.0026   2.6806   5.1935  
0.3163   89.4529  84.3262  1.1541784418e+08   0.9353   1.7472   1.1465   0.7802  
0.0611   34.3317  31.6319  2.4439939721e+08   2.5184   2.0575   0.9794   5.4975  
