0.0495   38.9756  29.4389  2.1325464993e+08   0.4713   4.7039   2.2632   1.4397  
0.0495   36.7163  32.2304  3.9554770758e+07   1.3211   1.9676   1.6068   4.6293  
0.0744   36.0496  34.2831  1.2808490687e+08   0.7868   6.0455   1.8418   2.8521  
0.0869   42.3639  32.8477  2.5069784003e+08   1.4650   3.2638   1.2002   3.7861  
0.2307   80.9511  75.3544  9.8117816667e+07   1.2111   2.9214   1.0846   2.3704  
0.0495   39.9638  24.5330  3.1381290016e+08   2.4686   3.1593   1.3688   0.4117  
0.0505   53.5537  50.5110  6.0334244832e+08   1.5650   1.9232   1.0353   3.9817  
0.0495   48.2382  39.3291  8.9373111905e+08   1.8284   0.2347   1.2308   0.9424  
0.1756   52.2303  51.0983  1.2808123502e+08   1.5604   4.1797   1.5236   4.5719  
0.1420   61.3713  59.2376  1.2084087238e+08   0.9335   4.7038   2.1995   3.0205  
0.0495   30.0637  26.8953  2.0004542066e+08   1.0727   2.6760   1.4481   1.8386  
0.0495   59.0735  41.6467  6.5800588296e+08   0.8609   3.4165   1.6247   3.7747  
0.1204   48.1870  47.5793  1.2901069285e+08   1.0298   3.9873   2.7748   1.7482  
0.0596   58.7476  40.7415  4.8114302529e+08   1.3556   1.9305   1.4087   4.2073  
0.0515   50.8000  44.1731  1.7532618605e+09   1.8156   5.1450   1.3640   4.7450  
