0.0804   34.1734  31.0062  1.4138957911e+08   2.1059   3.9548   2.4940   3.4187  
0.0495   42.9485  41.6582  5.8307029596e+08   2.2434   3.2810   2.7452   3.1343  
0.0883   54.9952  49.1593  1.4388244608e+08   1.7191   2.3491   1.8965   1.7203  
0.0495   27.9305  25.8348  4.1999890351e+08   1.6653   2.7527   1.5883   1.9478  
0.0495   34.6611  34.3228  6.2764551170e+08   0.6585   6.0879   1.1882   5.8949  
0.2199   82.6095  80.0218  2.5894180332e+08   1.2129   0.1844   1.0236   0.6189  
0.0636   63.8926  52.8082  4.6199377376e+08   2.1154   0.4856   1.1500   2.6170  
0.0495   33.1059  30.8399  5.5590862921e+08   2.9669   5.1996   2.7059   0.4850  
0.0495   56.2628  31.1401  2.4614677422e+09   1.4929   2.6791   1.8144   5.4159  
0.0648   40.0939  30.4516  5.7397298414e+07   2.5783   4.8825   0.3029   1.2251  
0.1138   69.3089  67.0660  2.7066114636e+08   0.7820   2.4590   1.3511   1.7616  
0.0606   31.1633  30.1538  4.2123084657e+07   2.1277   1.9411   1.6498   1.7131  
0.0839   56.7056  55.3390  3.1254178061e+08   1.2912   4.3137   2.1596   0.9942  
