0.0653   71.1483  69.6467  1.8972525142e+09   1.7803   5.5554   1.9793   4.6938  
0.3088   75.0002  71.8963  1.0485583257e+08   2.2232   6.0706   1.1087   2.3000  
0.0495   30.8733  20.4916  1.3819038952e+08   2.3827   5.8513   2.7414   4.3894  
0.2603   74.7597  60.3653  5.7137453081e+07   2.2843   6.0590   2.3617   5.0969  
0.0889   67.5150  67.2114  3.8634076335e+08   1.1197   5.2452   0.8734   4.3954  
0.1579   60.7056  57.5005  5.0216946775e+08   1.2869   1.8665   1.4442   2.0724  
0.0521   56.7248  51.4860  3.8993473864e+08   1.4668   3.2561   1.3054   1.1673  
0.0860   76.9590  66.1046  7.6672110685e+07   2.4876   4.7903   2.4789   2.9933  
0.0904   38.1928  32.9301  9.2427054792e+07   1.5001   1.5233   1.4871   1.5981  
0.1185   43.9437  39.9503  1.6424940883e+08   1.8536   2.9995   1.6957   6.1953  
